"ToeTip_X"	"ToeTip_Y"	"KneeElbow_X"	"KneeElbow_Y"	"HipShoulder_X"	"HipShoulder_Y"	"AnkleWrist_X"	"AnkleWrist_Y"	"MetaPhalJoint_X"	"MetaPhalJoint_Y"	"dorsal1_X"	"dorsal1_Y"	"dorsal2_X"	"dorsal2_Y"
566.840457	373.461732	441.847833	410.37121	465.041081	464.833645	0	0	0	0	385.78712	516.848195	465.318448	515.506893
566.614489	372.656924	442.235782	410.547329	465.284688	464.399403	0	0	0	0	388.805928	516.348195	465.296583	515.30294
566.162554	372.113254	443.011678	410.575685	465.70946	464.399403	0	0	0	0	389.01	515.99	465.579174	515.30294
565.323603	371.113254	443.093601	410.723447	465.56787	464.270845	0	0	0	0	389.01	516.54	465.861765	515.046362
564.467798	370.264775	443.011678	410.723447	465.926279	464.656517	0	0	0	0	389.02	517.03	465.644355	515.30294
563.563928	369.612371	442.817704	410.547329	465.634233	464.399403	0	0	0	0	389.01	517.57	465.709537	515.30294
562.386026	368.459967	443.205652	410.695091	465.784688	464.270845	0	0	0	0	389.02	518.05	465.984361	514.997782
561.404153	367.628821	443.593601	410.518972	465.926279	464.270845	0	0	0	0	389.01	518.06	466.484361	515.269713
560.314277	366.569538	444.063471	410.547329	466.775823	464.642288	0	0	0	0	389.03	519.04	466.235553	515.497782
559.580488	365.45184	444.839368	410.87121	467.833321	464.785075	0	0	0	0	389.06	519.56	467.233169	515.225852
558.979805	364.215576	446.115264	410.899566	468.682866	464.785075	0	0	0	0	389.08	520	467.489128	515.681991
558.724401	363.156294	447.473083	411.223447	469.815592	464.656517	0	0	0	0	391.12	519.95	468.242703	515.41006
558.235208	362.097011	449.024877	411.075685	470.948317	464.913632	0	0	0	0	393.19	520.41	468.996279	515.453921
557.868314	360.802332	450.57667	411.251804	472.505816	464.913632	0	0	0	0	395.04	519.99	470.498662	515.41006
557.379121	359.154558	452.516411	411.927922	474.488086	464.913632	0	0	0	0	397.82	520.07	472.001046	515.453921
556.76763	358.095275	454.813972	412.484635	477.17831	465.556418	0	0	0	0	400.73	520.35	474.51058	515.725852
555.911543	356.5652	456.56168	414.045441	482.614284	466.740414	0	0	0	0	405.23	521.43	478.283224	516.594269
555.138213	355.694416	459.158186	415.771411	487.437234	468.475937	0	0	0	0	409.44	522.44	482.309443	518.006547
553.858448	354.704674	463.441858	417.63154	491.600545	470.669061	0	0	0	0	414.17	523.53	486.07732	519.331103
551.264213	353.769654	468.470517	419.660771	495.810538	472.927788	0	0	0	0	419.66	525.26	489.847581	520.471451
548.311124	352.758597	473.989149	421.690002	501.166653	475.732517	0	0	0	0	426.47	526	496.115457	521.69952
545.912202	352.181895	480.576548	423.042823	508.667523	478.51778	0	0	0	0	435.12	526.33	503.900019	523.392494
543.579999	351.429997	487.09518	424.395643	514.845193	480.472211	0	0	0	0	443.41	526.08	510.428622	524.164424
541.247796	351.178099	494.917539	425.241156	521.878071	481.776729	0	0	0	0	451.16	525.94	518.7108	524.392494
539.177336	351.429997	502.926144	426.255772	531.043085	483.13154	0	0	0	0	460.01	526.02	527.997746	524.392494
537.106876	351.178099	511.258109	427.305465	540.74207	483.070198	0	0	0	0	469.78	525.27	538.538267	524.480216
534.989443	351.429997	519.31544	427.700906	552.033294	482.215388	0	0	0	0	479.54	524.56	549.306741	524.868706
533.418983	351.429997	527.808303	429.084948	563.829353	481.13154	0	0	0	0	489.43	523.38	560.84308	525.62808
531.063293	351.678099	538.043291	430.864431	573.373269	480.714839	0	0	0	0	500.12	521.75	571.215781	525.381205
529.073052	351.996129	547.189451	432.248474	585.924868	479.134924	0	0	0	0	514.2	520.86	582.70363	525.640579
527.487302	352.496129	560.420649	433.437334	598.976466	477.685137	0	0	0	0	526.98	519.89	595.591667	525.457873
526.289905	352.923618	568.693716	433.00463	613.028065	476.495605	0	0	0	0	540.17	519.02	610.400677	525.252792
525.160695	353.54104	578.586397	431.947918	626.874504	475.545818	0	0	0	0	553.95	518.18	624.468374	524.945193
525.005588	353.690313	589.367026	430.891205	639.467063	474.317854	0	0	0	0	568.41	516.99	640.391206	523.099602
524.540267	353.839586	598.58147	429.301032	651.63159	472.730453	0	0	0	0	580.771347	515.275661	653.031156	520.582899
524.570377	353.842979	605.211898	427.685863	663.193568	471.483268	0	0	0	0	591.737254	512.360449	663.615318	518.025356
524.28379	353.934915	609.550319	426.38422	667.724714	470.790253	0	0	0	0	601.949398	508.157949	669.752833	516.036157
523.879319	354.342979	610.842327	425.55881	669.149685	467.733303	0	0	0	0	605.115964	504.468052	672.810038	514.046957
523.68826	354.526851	611.73833	425.070694	669.769807	466.607223	0	0	0	0	603.417884	503.596361	673.12302	511.773586
523.424026	354.486532	611.700728	425.245283	668.839625	466.888743	0	0	0	0	602.210205	504.886925	673.436001	512.057758
522.938203	355.226998	611.842327	425.233399	668.529564	467.733303	0	0	0	0	602.012125	506.049179	672.184075	513.194443
522.454586	355.657851	611.625523	425.88422	666.979259	469.422421	0	0	0	0	600.700606	508.873687	672.310038	514.6153
521.729161	356.588704	611.267122	426.697747	666.669198	471.39306	0	0	0	0	599.181409	510.407632	671.997057	515.467814
520.503735	357.821417	609.975114	429.114558	666.359137	471.39306	0	0	0	0	597.964131	512.23214	671.62302	516.6045
519.311075	358.915837	608.220709	432.555138	666.669198	473.363698	0	0	0	0	596.464131	513.975521	671.810038	517.172842
514.716713	362.871962	606.2495	437.099002	666.669198	474.208257	0	0	0	0	595.454532	514.928338	671.310038	518.309528
509.638734	370.5515	604.278292	441.992045	667.599381	475.052817	0	0	0	0	593.954532	516.300029	671.497057	518.593699
506.253414	375.903906	602.127883	446.662963	666.979259	475.052817	0	0	0	0	593.548773	516.671719	671.497057	519.162042
505.769797	382.187164	600.298273	451.266247	666.669198	475.334336	0	0	0	0	592.841094	517.54341	671.810038	519.730385
509.622351	384.44515	599.185466	454.484701	667.28932	476.460415	0	0	0	0	592.237254	519.04341	672.12302	519.798727
523.020118	381.152591	598.502351	457.135863	667.28932	477.304975	0	0	0	0	591.029575	520.286791	672.12302	520.36707
533.858023	379.580743	598.105761	458.716052	667.909442	477.304975	0	0	0	0	590.227655	521.239608	672.436001	520.935413
542.68744	378.623744	598.55859	460.754198	667.28932	477.868014	0	0	0	0	589.623816	522.320735	672.62302	521.219584
554.016858	375.607603	600.511419	460.77327	667.599381	477.304975	0	0	0	0	588.416137	523.773553	673.248982	521.572098
567.089263	370.957035	602.035945	460.100246	668.219503	478.149534	0	0	0	0	587.312297	524.72637	673.417555	521.230366
588.005111	366.381752	604.132169	458.716052	667.909442	477.868014	0	0	0	0	586.708458	524.72637	672.960636	521.230366
612.406934	360.951613	605.847261	456.985811	667.409442	477.868014	0	0	0	0	586.406538	525.307497	673.189096	521.645226
641.015101	360.29191	607.634051	454.717424	667.169198	477.868014	0	0	0	0	586.406538	524.598061	672.732176	521.645226
664.851618	361.673834	609.539709	451.449037	668.219503	477.023455	0	0	0	0	586.500779	524.145243	672.732176	521.645226
687.2522	365.543222	611.930792	447.272965	668.529564	476.741935	0	0	0	0	587.010377	523.72637	673.646015	521.645226
705.344978	368.583455	614.918981	441.883457	669.149685	477.023455	0	0	0	0	587.312297	523.72637	673.189096	521.852656
726.022439	371.900073	618.572088	435.587802	669.149685	477.868014	0	0	0	0	587.812297	523.72637	673.689096	521.560086
744.308071	376.634728	623.951013	427.744724	669.459746	477.868014	0	0	0	0	588.114217	523.35468	674.102934	521.645226
757.73961	376.634728	630.239684	423.765167	670.389929	478.431054	0	0	0	0	589.114217	523.064116	673.831394	521.230366
767.589405	376.060225	635.766093	420.13166	669.959746	478.712574	0	0	0	0	587.906538	522.516934	673.874475	521.437796
774.752893	371.751447	641.673633	417.190249	671.630173	479.275613	0	0	0	0	588.718057	522.111299	674.331394	521.852656
778.72	371.41	645.098964	415.668468	672.250295	478.712574	0	0	0	0	589.420876	521.692451	674.65219	521.536954
778.244732	368.417699	647.370695	414.344412	672.042557	478.816537	0	0	0	0	591.460255	520.059591	675.352179	521.245131
