"ToeTip_X"	"ToeTip_Y"	"KneeElbow_X"	"KneeElbow_Y"	"HipShoulder_X"	"HipShoulder_Y"	"AnkleWrist_X"	"AnkleWrist_Y"	"MetaPhalJoint_X"	"MetaPhalJoint_Y"	"dorsal1_X"	"dorsal1_Y"	"dorsal2_X"	"dorsal2_Y"
403.185548	876.68439	279.86955	824.289405	303.070269	782.513534	0	0	0	0	247.069329	749.791963	303.04167	746.128553
404.811383	877.891714	281.93	824.03	303.59	782.61	0	0	0	0	247.02	749.94	303	745.96
405.461717	877.589883	283.4	823.87	304.03	782.2	0	0	0	0	247.03	749.37	303.48	745.91
405.13655	878.193545	283	822.98	304.11	781.59	0	0	0	0	247.57	748.65	303.59	745.35
404.63655	878.495376	282.93	822.22	304.24	781.15	0	0	0	0	248.07	748.41	304.05	744.77
403.510715	879.099038	281.99	820.35	304.73	780.11	0	0	0	0	248.83	747.71	304.63	743.91
403.035214	879.297207	281.15	817.84	305.43	778.93	0	0	0	0	249.19	747.01	305.15	743.04
400.458378	879.7027	280.63	815.71	306.08	777.6	0	0	0	0	250.47	745.76	305.92	741.69
398.64	879.88	280.82	812.85	306.96	776.04	0	0	0	0	251.78	744.04	307.06	740.36
396.41	880.66	281	809.77	308.17	774.22	0	0	0	0	253.08	742.19	308.33	738.38
394.8	881.62	281.92	807.34	310.02	772.14	0	0	0	0	254.25	740.09	310.06	736.62
394.77	881.2	282.87	804.63	312.94	769.45	0	0	0	0	256.86	738.39	312.51	734.98
394.33	881.51	284.06	801.65	317.3	766.45	0	0	0	0	259.92	736.05	315.98	732.57
393.97	881.41	285.865719	798.504073	321.48	763.76	0	0	0	0	264.91	733.06	319.89	730.25
394.01	881.49	287.88	795.76	327.26	760.64	0	0	0	0	271.17	729.91	325.53	726.97
393.77	881.51	292.06	792.18	333.19	757.74	0	0	0	0	277.75	727.04	330.78	724.53
393.48	881.48	297.11	788.53	338.67	755.62	0	0	0	0	284.95	724.48	336.37	722.5
393.5	881.49	303.003756	784.204691	344.907399	753.25718	0	0	0	0	293.31	721.56	342.89	720.09
393.3	881.5	309.694474	780.199064	352.38	751.5	0	0	0	0	302.67	719.45	350.96	717.89
393.01	881.5	319.473244	777.112338	362.073047	749.634788	0	0	0	0	311.57	716.88	361.577388	716.183446
392.83	881.52	328.485294	774.975353	371.665849	747.650727	0	0	0	0	320.56	715.1	371.12	714.41
392.5	881.52	337.623852	772.465764	382.84	745.69	0	0	0	0	330.15	713.34	382.44	712.64
391.89	881.5	347.086505	771.083573	392.89	744.94	0	0	0	0	340.48	712.48	393.875335	711.254019
391.35	881.44	358.225063	770.037912	403.12	744.56	0	0	0	0	350.79	711.76	403.54	710.88
391.267546	881.282155	369.391331	770.374441	413.33	745.12	0	0	0	0	361.85	712.57	414.06	710.98
391.044953	881.148008	381.14	772.04	423.91	745.83	0	0	0	0	372.36	714.33	425.09	711.62
390.705264	881.212618	392.82	774.64	434.46	746.76	0	0	0	0	381.96	716.18	436.59	713.17
390.127189	881.354892	405.4	779.28	445.15	749.76	0	0	0	0	392.67	719.11	446.53	715.35
389.838152	881.89148	418.69	785.74	456.48	754.57	0	0	0	0	403.76	723.93	457.82	719.23
392.908888	883.617343	433.3	796.14	466.881597	762.831155	0	0	0	0	415.07	731.75	468.8	726.61
392.289084	885.558438	445.214473	808.734338	477.003794	772.042608	0	0	0	0	424.27	740	478.97	735.06
388.205949	888.175731	452.02	812.11	484.02	775.8	0	0	0	0	432.25	742.58	486.03	738.36
382.489155	888.205184	454.02	811.81	487.09	774.98	0	0	0	0	435.88	742.59	488.97	737.33
377.053536	888.087547	453.07	812.12	488.12	773.9	0	0	0	0	436.75	742.39	489.06	736.88
373.258505	887.646451	451.42	812.02	488.51	774.03	0	0	0	0	436.82	742.21	488.98	737.02
370.850598	886.587719	450.51	812.18	489.1	774.06	0	0	0	0	436.53	742.06	489.56	737.02
369.083278	884.499534	450.82	811.86	489.13	774.03	0	0	0	0	436.25	742.06	490.06	736.97
372.364453	880.382241	451.08	811.4	489.04	773.49	0	0	0	0	436.02	742.53	490.04	736.96
376.929849	876.092692	450.67	811.34	489.02	773.48	0	0	0	0	435.99	742.49	490.01	736.98
381.849298	871.659734	451.07	810.95	489.03	773.49	0	0	0	0	435.99	742.02	490.51	736.99
388.135858	868.440202	451.13	810.43	489.03	773.51	0	0	0	0	436.01	742	491.03	736.98
393.555307	865.623113	451.86	810.44	489.05	773.98	0	0	0	0	436.03	741.97	491.08	736.99
397.890866	863.007244	451.8	810.45	489.54	773.5	0	0	0	0	436.03	742.01	491.03	736.98
405.694872	861.196257	452.22	810.5	490.03	772.98	0	0	0	0	436.02	741.99	491.04	737.01
413.2821	859.385271	452.85	810.52	490.06	773	0	0	0	0	436.01	742.01	491.02	737.01
421.519662	858.580388	452.82	810.54	490.03	773	0	0	0	0	436.02	742	491.02	736.48
430.624335	855.763298	453.21	810.2	490.52	772.5	0	0	0	0	436.01	741.98	491.01	736.5
441.463233	853.751091	453.38	810.59	491.03	772.47	0	0	0	0	436.02	741.98	491.01	736.47
452.807136	851.796222	453.97	810.47	491.04	772.5	0	0	0	0	436.03	741.99	491.52	736.51
463.007891	851.089603	454.76	810.06	491.01	772.51	0	0	0	0	436.01	742.02	492.01	736.51
472.751896	850.806955	455.35	810	491.02	772.5	0	0	0	0	436.01	741.99	492.01	736.49
481.570061	849.39065	456.18	810.01	491.51	772.48	0	0	0	0	436	741.99	492.02	736.49
490.486748	847.35329	456.75	809.91	491.5	771.98	0	0	0	0	436.01	741.97	491.99	736.48
501.049592	845.061261	457.25	809.92	492.01	772.49	0	0	0	0	436	742	492	736.48
511.475256	843.660576	457.77	809.94	492.02	772.03	0	0	0	0	436.01	742	492	736.5
521.852201	842.651236	457.96	809.38	492.02	772.53	0	0	0	0	436.03	742	492.52	736.5
531.635404	841.44633	458.74	809.16	492.02	772.5	0	0	0	0	436.52	741.99	493.04	736.5
541.727159	840.315741	459.82	809.03	492.03	772.49	0	0	0	0	437.05	741.98	493.03	736.48
551.275664	839.043827	461.1	809.04	492.03	773	0	0	0	0	437.24	742	493.53	736.49
559.149418	838.543827	462.53	809.14	492.04	773.02	0	0	0	0	437.3	742.04	494.04	736.53
568.175423	838.119856	464.72	809.34	492.54	773.06	0	0	0	0	437.05	741.99	494.08	736.5
577.244677	837.902503	467.04	809.62	493.2	773.01	0	0	0	0	437.56	741.98	494.57	736.5
586.575181	838.609122	469.95	810.5	493.44	773.41	0	0	0	0	438.04	741.98	495.05	736.51
593.730935	841.935597	472.28	810.68	494.2	773.13	0	0	0	0	438.95	742.02	495.12	736.51
598.058769	847.236942	474.83	810.91	494.6	773.48	0	0	0	0	439.52	742	495.6	736.52
598.598305	853.370856	476.09	811.57	495.16	773.43	0	0	0	0	440.07	742	496.1	736.53
597.188711	861.14292	477.32	811.98	495.26	773.41	0	0	0	0	440.42	741.98	496.13	736.49
595.939683	868.320518	478.88	812.08	495.56	773.29	0	0	0	0	440.36	741.96	496.57	736.49
596.386614	871.886737	479.67	812.06	495.71	773.43	0	0	0	0	440.59	741.96	496.6	736.47
