"ToeTip_X"	"ToeTip_Y"	"KneeElbow_X"	"KneeElbow_Y"	"HipShoulder_X"	"HipShoulder_Y"	"AnkleWrist_X"	"AnkleWrist_Y"	"MetaPhalJoint_X"	"MetaPhalJoint_Y"	"dorsal1_X"	"dorsal1_Y"	"dorsal2_X"	"dorsal2_Y"
405.144932	919.556982	235.279916	849.833215	264.31042	793.502102	0	0	0	0	190.115927	753.125369	257.70709	737.696125
403.897425	919.236773	235.46459	849.655374	265.33631	791.47638	0	0	0	0	190.09	752.14	258.54	737.35
402.026164	920.517607	234.725891	848.444009	266.176928	789.937798	0	0	0	0	191.31	751.21	259.52	736.8
400.80975	922.554679	234.171866	846.632075	267.543436	787.899216	0	0	0	0	192.65	749.41	260.52	736.65
399.442288	923.771473	233.987191	845.387187	268.858162	785.886355	0	0	0	0	194.25	747.58	262.82	735.19
397.939482	924.645871	233.526859	842.33205	270.621108	783.879925	0	0	0	0	195.96	745.86	265.36	733.19
396.43387	925.549864	233.238023	839.293467	271.884053	782.607418	0	0	0	0	198.53	743.63	267.11	731.11
393.243124	926.579459	233.212132	836.761315	272.409944	781.341342	0	0	0	0	201.08	741.25	269.11	729.1
391.419841	927.047457	233.186241	834.475948	274.302342	779.581697	0	0	0	0	203.45	738.65	271.22	726.97
390.143543	927.796253	233.248492	831.159897	276.931796	777.289899	0	0	0	0	207.51	735.03	273.64	724.29
388.320259	928.638649	233.433166	827.425233	280.61303	773.244886	0	0	0	0	210.73	731.56	277.7	721.1
386.770468	928.825848	234.356541	824.546252	285.390776	769.91496	0	0	0	0	214.96	727.65	281.66	717.89
384.673693	929.574645	237.496014	818.888859	289.233792	765.460343	0	0	0	0	220.79	722.2	285.8	714
380.383365	930.51064	240.450813	814.087149	294.788043	760.593121	0	0	0	0	228.65	716.44	291.89	709.4
374.372142	930.949043	245.437036	807.507027	300.9	755.67	0	0	0	0	237.72	710.42	298.33	704.45
371.090232	931.385038	251.161958	800.749065	310.582577	749.750276	0	0	0	0	247.31	703.82	307.69	698.25
367.95454	931.797393	260.765053	793.101896	322.006185	744.177795	0	0	0	0	258.21	696.89	318.99	692.5
362.976621	933.599425	269.998798	787.588821	333.326706	738.690625	0	0	0	0	270.2	690.05	329.5	687.85
361.234671	934.426982	282.593649	782.23991	345.778224	734.431807	0	0	0	0	284.62	684.47	342.86	682.24
359.92778	934.926982	296.601583	777.576846	360.87	728.73	0	0	0	0	300.75	678.88	358.37	677.32
358.868396	935.24719	311.647142	773.91301	376.34	724.84	0	0	0	0	316.04	674.14	374.467874	672.744343
358.120888	935.74719	329.805575	771.581478	392.57	721.15	0	0	0	0	331.54	671.07	392.25994	667.739281
357.061504	935.926982	350.162944	772.402303	412.410022	718.002682	0	0	0	0	344.4	670.57	409.74	664.83
356.500738	936.396019	369.334896	776.231563	428.854886	717.502682	0	0	0	0	360.12	673.19	426.08	664.7
355.698783	937.896019	390.069008	780.607861	446.817736	719.220861	0	0	0	0	375.67	676.55	442.83	666.83
347.20522	937.249807	412.857154	787.675093	464.786583	724.08085	0	0	0	0	392.98	681.23	461.82	669.98
339.768119	936.562174	439.009714	798.708434	484.255429	732.877198	0	0	0	0	406.83	686.87	480.04	675.93
339.819615	936.789485	463.864429	815.075257	503.730271	747.520806	0	0	0	0	422.29	697.95	498.97	687.14
339.781724	936.676982	479.153647	830.009042	521.205113	762.486218	0	0	0	0	442.2	714.99	517.66	703.4
339.743834	936.773857	487.235091	838.422441	533.242426	768.819569	0	0	0	0	461.03	726.54	531.39	713.24
339.800296	936.773857	489.8561	839.474116	542.573369	770.415931	0	0	0	0	467.49797	725.362448	539.46	712.79
338.913222	936.967605	488.776338	840.243529	546.196577	768.771389	0	0	0	0	475.88	723.39	544.45	711.17
336.83744	934.514491	488.049101	837.617307	546.973558	768.771389	0	0	0	0	475.97	724.37	546.92	711.82
333.818122	920.177095	488.23091	835.51633	547.542803	768.497298	0	0	0	0	476.031673	725.254366	548.02	712.84
331.364925	893.827288	488.594529	832.890108	547.542803	767.626846	0	0	0	0	476.346612	725.254366	548.04	712.39
339.011969	882.334311	488.639956	831.114048	547.827426	767.126846	0	0	0	0	475.976491	725.432579	548.02	711.96
352.784274	874.085849	488.958147	830.964211	547.542803	767.126846	0	0	0	0	476.01	725	548.51	711.97
374.080338	867.277595	489.503575	830.78913	548.042803	766.578666	0	0	0	0	476.01	725.03	549.02	711.96
401.752341	861.038869	489.685384	830.814374	548.52	766.95	0	0	0	0	476.02	725.02	549.1	711.98
435.315878	856.86346	489.685384	830.78913	549.04	767	0	0	0	0	476.53	725.01	549.54	712
473.002235	859.95032	490.90095	830.041233	549.58	767.01	0	0	0	0	477.04	725.05	550.07	712.04
508.590425	864.403747	492.408724	829.717739	550.13	767.03	0	0	0	0	477.34	725.05	550.69	712.05
539.01219	867.680088	493.924272	829.286413	550.63	767.02	0	0	0	0	477.77	725.01	552.06	712.05
565.681747	872.842751	496.16377	829.178582	552.1	767.04	0	0	0	0	478.58	725.02	553.08	712.03
587.263704	875.441977	499.187092	829.502076	553.14	767.03	0	0	0	0	479.06	725.04	555.14	712.04
609.300017	881.706151	502.086408	829.848484	554.13	767.02	0	0	0	0	479.73	725.52	557.58	712.04
637.476616	883.572685	507.473234	830.688221	555.2	767.54	0	0	0	0	480.1	725.52	558.67	712.03
663.206739	883.321763	517.152008	831.454064	557.68	768.53	0	0	0	0	480.84	725.48	559.7	712.02
689.268292	883.596653	529.180968	831.81049	559.17	769	0	0	0	0	481.28	724.97	560.23	712.01
706.948288	892.803325	539.174259	832.701554	560.9	769.43	0	0	0	0	483.13	724.96	560.71	712.08
716.879973	909.733263	549.16755	832.879767	563.443954	770.064551	0	0	0	0	485.67	724.92	561.62	712.14
721.915296	923.181638	555.026796	832.737986	564.840152	770.310254	0	0	0	0	488.35	724.48	562.62	712.14
