"ToeTip_X"	"ToeTip_Y"	"KneeElbow_X"	"KneeElbow_Y"	"HipShoulder_X"	"HipShoulder_Y"	"AnkleWrist_X"	"AnkleWrist_Y"	"MetaPhalJoint_X"	"MetaPhalJoint_Y"	"dorsal1_X"	"dorsal1_Y"	"dorsal2_X"	"dorsal2_Y"
444.0266	664.492247	247.298834	645.933681	250.779872	525.63647	0	0	0	0	156.15116	489.079024	250.952798	473.849847
444	664.04	246.798834	644.058779	251.88	525.4	0	0	0	0	157.318234	488.243191	251.51	473.49
443.97	664.08	245.429083	640.308897	252.37	524.36	0	0	0	0	158.56	487.21	252	472.46
443.95	664.54	243.433283	635.309134	252.96	523.69	0	0	0	0	160.08	485.64	253.05	471.44
443.94	665.02	242.311432	628.934469	253.64	522.72	0	0	0	0	161.54	483.49	254.01	470.41
443.52	665.03	241.311432	622.309764	255.61	520.71	0	0	0	0	163.63	480.64	255.03	468.95
441.16	664.98	240.941682	613.935178	257.41	518.8	0	0	0	0	165.18	478.38	256.51	466.94
439.73	665.99	240.567732	602.435809	258.9	516.53	0	0	0	0	167.05	475.27	258.01	464.46
435.22	667.03	241.315632	593.811498	261.33	514.07	0	0	0	0	169.61	472.17	260.02	461.95
431.90857	668.662907	242.772322	583.236224	264.36	510.86	0	0	0	0	172.68	468.41	262.52	459.97
431.86	669.07	243.869644	574.998872	267.18	507.43	0	0	0	0	176.14	464.73	265.345078	456.797353
430.88	668.56	245.668305	570.159797	270.79	503.26	0	0	0	0	182.046493	459.824866	269.679225	453.511243
430.82	668.88	248.330509	564.553768	275.47	498.95	0	0	0	0	189.881862	455.424312	273.84691	449.889299
429.48	669	250.992712	560.015555	280.24	494.99	0	0	0	0	199.21784	450.630702	278.181057	447.103189
428.38	669.11	255.341489	555.118933	286.8	490.93	0	0	0	0	209.1089	446.172926	283.516425	443.030968
427.31	669.7	259.989066	549.166785	293.96	486.96	0	0	0	0	218.56	441.04	291.073338	438.851803
425.541686	669.878049	265.58745	544.502273	301.48	483.18	0	0	0	0	227.557482	437.142929	299.575169	435.22986
424.233817	670.283096	271.893495	538.597978	310.76	478.69	0	0	0	0	237.004233	432.34932	309.132081	430.829305
421.810211	670.688143	279.724136	531.988303	320.76	474.32	0	0	0	0	250.160898	427.815132	319.357288	426.428751
418.578736	671.59319	287.787032	526.323791	332.08	470.07	0	0	0	0	264.962617	424.377555	328.582495	422.249586
414.539392	673.213378	297.508397	521.556589	344.36	466.28	0	0	0	0	279.918521	420.275447	342.307702	418.07042
412.519721	674.42852	309.303551	517.446914	358.681581	462.322114	0	0	0	0	293.091384	416.828374	355.30705	414.759135
412.519721	675.238614	320.232576	515.73455	374.185855	460.94149	0	0	0	0	303.94566	414.974096	373.030577	411.563393
411.307918	674.92852	335.601517	516.761969	395.565586	459.180241	0	0	0	0	316.550866	415.425522	392.661563	410.671909
410.500049	675.023473	353.011522	519.005177	417.571081	459.553366	0	0	0	0	335.008488	417.005513	411.394988	410.324038
409.096115	675.833567	372.621761	520.760915	436.575354	461.322114	0	0	0	0	353.691204	418.134078	431.934584	411.324038
408.076443	676.143661	394.683279	523.218948	453.955696	465.956488	0	0	0	0	377.007096	420.425662	451.628334	415.02099
407.172508	677.858803	416.744798	530.593046	473.209664	472.725236	0	0	0	0	393.365792	423.76202	469.257639	421.432681
406.36464	678.168897	435.654671	536.562554	490.963633	482.001484	0	0	0	0	411.101607	427.766557	485.514146	428.252646
406.268574	679.194132	450.012168	541.127472	503.966685	487.270232	0	0	0	0	433.569368	431.824886	500.145188	431.638342
405.133165	679.909274	456.665642	541.478619	509.593059	488.023982	0	0	0	0	442.164615	431.268826	505.547419	431.864055
404.344968	681.314321	455.615093	540.776324	509.593059	487.397107	0	0	0	0	442.164615	431.490796	506.14	432.34
402.633165	683.029462	454.914727	539.722882	509.05	487.52	0	0	0	0	441.02	431.97	505.66	432.98
400.921362	683.744604	453.864179	540.074029	508.99	488	0	0	0	0	440.32	432.04	505.67	433.39
398.113493	684.744604	452.463448	539.722882	509.01	488.51	0	0	0	0	439.77	432.11	505.98	433.79
395.535753	686.739376	451.062716	539.722882	509	488.99	0	0	0	0	438.92	432.58	505.84	433.9
392.169903	687.487772	450.012168	540.776324	508.99	488.51	0	0	0	0	438.45	433.06	505.67	434.49
388.430883	688.610366	449.111436	543.787799	508.98	488.46	0	0	0	0	436.31	434.12	505.25	434.14
384.818692	689.358762	448.811802	545.341242	508.99	488	0	0	0	0	434.178432	435.661244	504.67	434
383.326012	689.358762	448.961619	547.448127	507.99	488.51	0	0	0	0	431.35124	436.829423	504.15	434
381.086991	689.732961	448.161985	549.055012	507.93	488.99	0	0	0	0	428.578579	437.663513	503.45	434.02
377.35529	690.855555	447.212533	550.608455	507.47	489.01	0	0	0	0	424.365057	438.163513	502.97	434.01
373.996759	691.978149	445.459791	552.566488	504.96	489	0	0	0	0	419.765204	438.775632	501.95	434
372.130909	692.603951	442.308145	554.822225	502.89	489.02	0	0	0	0	416.269809	439.943811	501.42	434
368.399208	693.100743	436.70522	557.631406	499.41	489.53	0	0	0	0	413.328947	440.999871	498.95	434.53
363.547997	693.100743	430.752112	559.184848	493.42	490.54	0	0	0	0	409.447223	441.555931	494.242957	434.846899
352.352894	680.00381	426.349552	558.887143	492.94	490.99	0	0	0	0	403.624636	441.83396	490.191284	435.298325
346.009003	653.061546	422.147358	556.875668	489.94	490.53	0	0	0	0	399.742911	441.83396	485.739239	435.024038
346.674729	620.60001	423.748455	553.417635	488.44	490.49	0	0	0	0	396.692985	442.39002	483.713402	434.798325
377.159792	607.113667	424.799003	552.364193	485.44	489	0	0	0	0	394.752123	442.11199	482.362845	434.346899
395.695562	598.572317	426.199735	551.661898	484.98	488.97	0	0	0	0	394.752123	441.555931	481.687566	433.669759
418.352598	596.471406	428.151015	551.31075	484.97	488.99	0	0	0	0	394.89	441.99	481.462473	433.218333
452.28597	596.021862	429.652843	551.661898	485.01	488.52	0	0	0	0	395.01	442.53	481.23738	433.218333
494.772015	595.026414	431.403757	551.661898	485.51	488.5	0	0	0	0	395.52	443.03	481.02	433.51
529.774962	589.627325	433.811845	551.991422	486.01	488.99	0	0	0	0	397.01	443.07	481.02	434
562.553264	584.783243	437.080218	552.693717	486.02	489.01	0	0	0	0	397.13	443.03	481.5	434.01
589.503539	579.140982	444.31733	554.098307	486.5	488.5	0	0	0	0	397.12	443.01	482.01	434.01
613.867336	576.393258	451.087532	555.268799	487	489.99	0	0	0	0	396.99	443.51	482.5	434
634.041274	571.599632	457.624278	556.673389	487.01	490.02	0	0	0	0	397.01	444.02	483.01	434
647.490566	566.205095	463.927569	559.716668	487	490.01	0	0	0	0	397.02	444.57	483.03	434
659.14662	565.75555	472.365047	560.184864	488.02	490.5	0	0	0	0	397.51	445.02	483	434.01
667.664505	568.003274	479.602159	560.887159	488.06	491	0	0	0	0	398.01	445.01	483	434.01
675.73408	576.544624	484.965268	563.111305	488.01	490.99	0	0	0	0	398.51	445.02	483.01	434.01
684.251965	586.434609	491.378045	564.865062	487.99	491.9	0	0	0	0	399	445.02	482.98	433.98
689.631682	599.021862	492.932658	566.61882	488.04	492.21	0	0	0	0	399.01	445.02	483.5	434.02
693.66647	607.113667	498.762456	567.982853	488.02	492.28	0	0	0	0	399.01	445.01	484.01	433.99
699.046187	618.205473	503.426294	568.372577	488.3	490.56	0	0	0	0	399.02	445	484.53	434
702.632665	618.054107	504.980907	568.567439	488.87	489.86	0	0	0	0	399.52	445	485	434
706.719143	618.054107	506.341193	568.957163	489.25	490.4	0	0	0	0	399.99	444.99	485.01	434
