"ToeTip_X"	"ToeTip_Y"	"KneeElbow_X"	"KneeElbow_Y"	"HipShoulder_X"	"HipShoulder_Y"	"AnkleWrist_X"	"AnkleWrist_Y"	"MetaPhalJoint_X"	"MetaPhalJoint_Y"	"dorsal1_X"	"dorsal1_Y"	"dorsal2_X"	"dorsal2_Y"
497.602025	827.002192	409.587883	770.297208	439.34252	735.50076	0	0	0	0	389.071825	710.647857	435.5927	700.170624
496.83	827.66	409.330113	768.967607	440.353748	735.038206	0	0	0	0	389.01	710	436.98	699.5
495.88	828.13	408.845654	769.189207	441.196439	734.384022	0	0	0	0	389	708.48	437.52	698.99
494.35	828.12	408.603424	768.081207	441.027901	733.767283	0	0	0	0	389.5	705.98	438.01	698.49
493.21	828	409.087883	766.751607	441.027901	732.842176	0	0	0	0	390.5	704.48	438	697.49
492.12	828.53	408.845654	765.643606	441.027901	732.108699	0	0	0	0	390.99	701.98	438.01	696.49
491.25	829.03	407.876736	764.314006	441.027901	730.912669	0	0	0	0	391.02	700	438.51	695.47
490.35	829.2	408.361195	762.541205	441.027901	729.90827	0	0	0	0	391.02	697.45	439	693.48
489.28	829.12	407.634506	761.876405	441.027901	728.558055	0	0	0	0	391	695.96	439.02	692.49
487.52	829.32	405.9389	760.546804	440.812451	727.283128	0	0	0	0	390.01	694.48	439.01	690.99
486.19	830.01	404.727752	759.882004	440.68521	726.366424	0	0	0	0	389.48	692.97	439.01	689.48
484.77	830.79	404.969982	758.330804	440.173982	725.132947	0	0	0	0	389.01	690.98	438.5	687.97
482.74	832	404.485523	755.450003	439.162753	724.399471	0	0	0	0	388.99	689.98	437.99	686.49
480.78	832.96	403.274375	754.563602	437.676219	722.588658	0	0	0	0	389	688.95	436.85191	685.442526
478.82	833.96	401.820998	753.455602	436.742007	721.199852	0	0	0	0	388.49	688.89	435.611121	684.968256
478.28	834.94	401.094309	753.012402	435.457466	720.452033	0	0	0	0	387.97	688.99	434.555858	684.519716
477.74	836.1	401.820998	753.898802	435.691019	718.956396	0	0	0	0	386.98	689.52	433.259805	684.045446
476.74	836.98	402.789916	753.455602	437.059442	717.960759	0	0	0	0	387	690.03	434.259805	683.545446
476.02	837.41	404.727752	753.012402	438.512828	717.516793	0	0	0	0	387.5	690	435.611121	682.648366
475	837.93	406.181129	751.239601	441.34	715.29	0	0	0	0	387.51	690.01	437.925595	681.648366
473.46	838.95	407.150047	749.910001	443.63	713.37	0	0	0	0	388	689.99	440.036122	680.936961
472.902784	839.420675	409.087883	749.0236	445.63	711.38	0	0	0	0	388.02	688.49	441.869018	679.777017
472.182876	839.420675	412.236867	746.586	447.68	709.92	0	0	0	0	388.51	686.98	443.64665	678.091342
471.702938	838.98161	416.354769	746.3644	451.04	707.47	0	0	0	0	389.819563	684.794269	446.52	675.98
471.702938	839.042546	420.7149	744.591599	456.12	704.44	0	0	0	0	393.142305	681.492905	452	673.01
471.222999	838.823013	428.950703	741.489198	463.218473	700.643163	0	0	0	0	398.126418	679.842223	459.86639	668.291618
471.19932	838.327501	436.702048	739.381197	471.018043	696.51983	0	0	0	0	404.856559	676.128189	468	665
470.365916	838.407615	444.211163	739.273197	478.891145	694.021976	0	0	0	0	414.570812	674.302848	475.996126	662.491016
471.659265	838.644255	456.362573	738.381256	490.091243	691.717404	0	0	0	0	424.462324	671.914154	487.754286	659.049035
472.334435	840.55211	472.492993	738.381256	506.626338	688.936457	0	0	0	0	440.491376	669.438131	504.026773	654.956526
477.867343	841.720579	490.774136	740.512776	521.057231	687.208619	0	0	0	0	457.274399	666.962108	520.09783	652.229474
480.773252	843.827315	511.952583	741.759896	538.86424	685.74977	0	0	0	0	472.403569	668.499467	537.724151	651.280934
489.507488	843.140421	534.029757	746.150543	559.329011	688.181185	0	0	0	0	491.861505	674.457104	559.776787	653.735038
487.696799	841.483939	553.947207	754.273239	579.793782	697.42056	0	0	0	0	507.655972	683.772591	579.886165	662.951103
485.886109	841.483939	565.225763	756.468562	594.626803	703.16416	0	0	0	0	523.7	687.19	592.498184	668.708888
482.264731	842.19386	569.78518	752.736513	603.27937	701.485078	0	0	0	0	533.034608	683.511581	600.692798	666.519874
473.728624	840.064097	570.265118	751.419319	609.572146	698.606652	0	0	0	0	535.5	682.01	606.337204	664.345318
465.709857	829.178642	571.704934	745.272413	613.980732	696.42757	0	0	0	0	536.53	681	610.8554	663.00804
458.72577	813.323741	571.944903	741.759896	619.004821	694.222184	0	0	0	0	539.04	679.99	614.974932	661.792332
455.733479	797.781536	573.190197	738.83204	622.041933	692.55511	0	0	0	0	542.02	678.49	619.094464	660.576625
457.290327	776.537391	574.708753	735.108664	625.616155	692.110191	0	0	0	0	544.51	677.99	622.682443	659.847201
455.693869	753.461554	576.834731	732.8859	626.962661	692.036735	0	0	0	0	546.03	677.99	624.07443	659.860918
455.693869	736.227701	578.049575	730.94098	627.36467	691.293085	0	0	0	0	548.03	678	625.473094	659.239347
460.483243	728.048924	579.568131	728.718215	629.228993	691.049436	0	0	0	0	549.01	678	627.599304	658.753064
469.7427	714.320261	581.586686	726.828987	629.560652	690.087538	0	0	0	0	550.02	677.49	628.193961	658.266781
480.917906	706.725682	582.194109	726.217605	630.359647	689.843888	0	0	0	0	550.52	676.49	628.795297	658.280498
497.521071	696.50221	582.301531	725.161914	632.490302	689.600238	0	0	0	0	551	676	630.155731	658.145211
511.569902	686.278738	581.694109	724.49484	633.821961	689.843888	0	0	0	0	551.53	676.02	632.484612	658.280498
527.934518	680.530859	582.605242	724.161303	634.620956	690.100238	0	0	0	0	551.412242	676.120873	632.914829	658.388352
545.47575	681.260284	583.282975	725.773296	634.387288	690.356588	0	0	0	0	552.600055	676.120873	633.047717	658.509923
577.399037	695.418749	585.427509	727.162524	634.620956	690.087538	0	0	0	0	554.412744	676.251378	633.313493	658.631494
615.74564	717.006946	588.072042	728.718215	633.555629	689.356588	0	0	0	0	553.912744	675.381883	633.57927	658.388352
637.868681	739.134849	588.679464	729.718215	635.952615	689.600238	0	0	0	0	554.975181	676.620873	634.57927	658.509923
668.840937	756.945112	589.590598	732.8859	639.414929	690.087538	0	0	0	0	556.03	676.99	636.901473	659.117776
709.252358	760.723047	597.790798	739.554194	638.882265	689.843888	0	0	0	0	557.53	677.01	637.49613	659.482489
735.210058	769.628178	609.028109	740.943422	640.746588	689.600238	0	0	0	0	558.03	677.01	638.433025	659.117776
752.613517	784.200212	620.872843	740.387731	643.143574	689.600238	0	0	0	0	560.02	676.98	640.356564	659.374635
756.973308	784.930359	624.517376	740.665577	642.61091	689.356588	0	0	0	0	563.02	677	641.12234	659.239347
