"ToeTip_X"	"ToeTip_Y"	"KneeElbow_X"	"KneeElbow_Y"	"HipShoulder_X"	"HipShoulder_Y"	"AnkleWrist_X"	"AnkleWrist_Y"	"MetaPhalJoint_X"	"MetaPhalJoint_Y"	"dorsal1_X"	"dorsal1_Y"	"dorsal2_X"	"dorsal2_Y"
387.31091	422.002784	299.920516	462.929973	319.928839	491.733978	0	0	0	0	263.533653	513.123461	317.996311	521.426708
384.895726	419.792165	298.5983	465.148718	319.675668	491.5446	0	0	0	0	265	513.02	317.98	521.01
383.386237	418.134202	297.055715	465.552127	319.675668	491.820351	0	0	0	0	266.49	513.52	317.49	521.01
381.980543	418.634202	296.174238	465.552127	320.025034	493.0446	0	0	0	0	267	514.01	316.99	521.01
381.17	418.15	295.51313	466.157239	319.175668	493.130974	0	0	0	0	266.49	513.47	316.97	520.99
379.61	418.19	293.529806	466.560647	318.470596	492.855223	0	0	0	0	265.49	512.99	316.45	520.98
377.73	417.88	291.105744	467.16576	317.368059	492.217347	0	0	0	0	264.96	512.98	315.96	521
375.06	417.9	290.665005	467.577689	316.416157	492.355223	0	0	0	0	264.99	513.02	315.48	520.51
373.57	417.94	288.944636	468.375985	316.964255	493.458227	0	0	0	0	265.02	515.54	315.03	520.53
372.04	418.54	288.12242	470.077689	316.765523	494.958227	0	0	0	0	265.01	518.04	314	520.52
370.13	419.25	287.461312	469.989618	315.711084	494.871853	0	0	0	0	264.99	520.05	313.48	520.52
369.69	420.47	286.418727	470.58621	314.759182	495.612732	0	0	0	0	265	520.56	312.98	520.53
368.37	421.28	286.639096	470.393026	314.56045	497.026359	0	0	0	0	264.99	521.05	312.96	521.03
366.97	421.79	287.359466	471.296434	312.855378	497.853611	0	0	0	0	264.98	521.57	312.46	520.52
366.09	422.22	286.435403	470.59473	310.752841	498.491487	0	0	0	0	264.98	522.02	311.97	520.5
366.11	422.73	285.655773	469.989618	311.43449	497.11344	0	0	0	0	264.49	522	311.97	519.97
365.95	422.53	284.994665	469.58621	311.682461	496.751274	0	0	0	0	263.98	521.99	311.99	520.02
365.94	422.55	284.333557	470.191322	311.499791	496.862739	0	0	0	0	263.47	521.99	311.97	519.99
365.9	422.95	284.333557	470.59473	311.621571	496.193949	0	0	0	0	262.99	521.98	311.48	519.99
365.44	422.98	283.672449	470.191322	311.48	495.91	0	0	0	0	262.99	522	311	519.98
364.95	423.01	283.892818	470.393026	311.55	496.01	0	0	0	0	263	522	311	519.52
364.31	423.13	284.774295	470.59473	311.46	496.02	0	0	0	0	262.99	522.02	311	519.97
364.5	423.03	284.553926	470.796434	311.5	495.53	0	0	0	0	263.51	522.01	311	520.51
364.48	422.99	284.333557	470.796434	311.5	495.5	0	0	0	0	264.01	522.01	310.99	520.99
363.94	422.49	283.99	470.51	310.99	495.51	0	0	0	0	263.99	522	310.51	521
363.95	421.96	284.01	470.41	310.98	495.48	0	0	0	0	264	522	309.99	519.99
363.97	421.57	283.98	470	310.98	495.49	0	0	0	0	263.99	522	309.99	520.01
363.49	421.57	283.99	469.98	311.51	495.48	0	0	0	0	264.02	522	310.01	520
362.99	421.77	283.5	470.5	311.52	495.51	0	0	0	0	264.51	522.02	310.02	520
363.02	422.19	283.49	469.95	311.52	495.53	0	0	0	0	265.52	522.02	310.02	520.02
363.73	422.52	283.05	469.39	310.99	496.05	0	0	0	0	266.51	523.04	309.49	520.03
364.23	422.74	283.5	468.95	310.9	496.08	0	0	0	0	266.97	523.06	308.95	520.02
363.24	423.11	282.82	469.44	310.34	496.18	0	0	0	0	266.47	523.51	308.91	520.01
362.2	422.79	282.2	469.23	309.86	496.54	0	0	0	0	265.47	523.98	308.46	519.99
361.08	422.86	280.84	469.05	309.33	496.54	0	0	0	0	265.01	523.49	308	520.01
360.08	423.01	279.86	469.57	309	496.56	0	0	0	0	264.52	523.02	308.04	520
358.66	423.43	279.32	470.04	309.03	497.08	0	0	0	0	265.05	524.54	308.05	520.02
356.8	423.38	277.23	470.18	309.04	497.31	0	0	0	0	265.58	525.59	307.58	520.02
354.82	423.95	277.11	471.78	308.99	497.25	0	0	0	0	266.07	526.07	308.03	519.51
352.82	424.14	275.78	471.91	308.96	498.09	0	0	0	0	267.05	525.55	308	519.49
351.15	424.2	274.14	472.63	308.97	498.19	0	0	0	0	267.03	525.98	308.01	520
349.05	424.32	274.623062	471.281212	309.48	498.53	0	0	0	0	267.05	526	308.02	520
345.22	425.85	274.781755	472.443224	309.52	498.54	0	0	0	0	267.12	526.42	308.03	519.49
342.25	427.3	273.512213	472.588475	310.05	498.49	0	0	0	0	267.14	527.37	308.02	519.46
338.96	429.35	272.877442	473.169481	310.04	498.4	0	0	0	0	267.1	527.38	308.04	519.46
336.79	429.64	273.036135	472.878978	310.02	498.52	0	0	0	0	267.02	526.9	308.01	519.48
335.44	430.03	272.877442	473.169481	310.53	498.56	0	0	0	0	267.01	526.98	308.01	519.01
334.56	430.09	273.036135	473.605236	310.53	498.58	0	0	0	0	266.99	526.94	308	519.01
334.35	429.99	273.670906	473.169481	311.14	498.44	0	0	0	0	265.84	526.87	308.01	519.49
333.99	429.92	273.036135	472.878978	310.43	498.37	0	0	0	0	265.38	526.53	307.45	519.49
333.49	430.56	274.305676	473.314733	310.34	498.41	0	0	0	0	264.89	527.03	307.45	519.01
332.93	431.03	274.940447	473.314733	309.89	498.58	0	0	0	0	264.42	527.05	306.96	519.03
332.84	431.08	275.257833	474.331494	310.39	498.59	0	0	0	0	263.95	527.56	306.98	519.02
332.99	431.47	275.733911	475.348254	310.46	498.58	0	0	0	0	262.44	528.02	307.46	519.02
333.04	431.07	275.733911	476.219763	310.37	498.57	0	0	0	0	259.36	528.97	306.42	518.99
333.04	431.03	275.868682	477.236524	308.85	498.43	0	0	0	0	256.44	527.47	305.94	518.99
333.03	430.97	275.733911	477.527027	308.33	497.8	0	0	0	0	255.46	524.93	305.47	518.49
333.05	430.95	275.575218	476.800769	307.46	496.62	0	0	0	0	254.48	521.44	304.98	517.96
333.01	430.53	275.575218	475.92926	306.98	495.52	0	0	0	0	254.48	517.94	304.44	518.44
333.773586	429.679068	275.733911	475.203003	307.08	495.13	0	0	0	0	255.01	515.46	304.53	518
331.688745	429.133852	276.527374	475.638757	308.2	494.36	0	0	0	0	255.53	514.97	304.57	518
331.093076	428.861244	278.907765	475.784009	311.04	494.22	0	0	0	0	257.54	514.99	307.56	518
330.795242	428.861244	284.938087	477.672278	315.52	495.05	0	0	0	0	259.52	515.47	311.04	518.5
328.7104	428.588636	291.444488	479.270045	320.08	496.3	0	0	0	0	266.53	515	315.02	519.47
328.412566	429.40646	300.648665	481.303566	327.2	497.21	0	0	0	0	278.5	515.5	322.52	520.5
328.114731	429.951676	311.284706	483.838984	336.1	498.96	0	0	0	0	288.5	517.47	330	522
327.519062	431.042108	324.635902	486.194715	346.83	501.21	0	0	0	0	298.49	519.51	340.5	523.99
324.540717	433.495581	344.260552	491.495111	362.921016	505.743959	0	0	0	0	308.724527	520.852859	354.098999	527.442399
320.966704	441.946431	361.472335	497.82614	380.070589	511.997988	0	0	0	0	318.961818	523.307002	370.182102	532.638437
324.540717	444.94512	380.730103	505.884763	396.780732	518.942568	0	0	0	0	329.243503	526.9561	385.343549	537.897979
326.02989	458.030307	383.556344	509.66556	407.932589	526.117929	0	0	0	0	338.056376	530.989314	396.895296	543.665245
316.499186	461.301603	384.208554	513.943829	413.265564	532.254389	0	0	0	0	344.141456	537.711337	402.986909	548.345247
310.244662	466.208549	383.882449	518.421088	413.315917	535.01498	0	0	0	0	347.708571	542.896898	404.124083	551.467135
305.181476	467.571589	382.686732	522.798852	414.013832	535.784959	0	0	0	0	348.78891	546.545996	404.988394	552.591015
296.667675	467.950834	381.92582	525.199358	414.789272	536.251384	0	0	0	0	348.547892	549.618921	405.67055	553.465143
314.1957	457.600246	381.491014	525.691777	414.904617	537.383233	0	0	0	0	348.757722	550.57921	406.489137	554.589023
330.199573	448.216416	381.491014	526.087229	415.295401	538.850837	0	0	0	0	348.967553	549.57921	407.307724	555.837778
346.580469	442.491647	382.099716	526.786218	415.973558	540.176971	0	0	0	0	348.547892	549.810979	408.217017	557.211409
362.365697	437.85731	382.360627	527.577122	416.364342	541.818441	0	0	0	0	349.387213	550.387152	408.944898	558.210413
373.121707	435.266496	382.860627	528.776111	416.398813	542.959911	0	0	0	0	349.597044	551.347441	409.627053	558.959666
389.424195	436.92446	383.295433	529.273584	416.255127	543.275246	0	0	0	0	350.226535	552.115672	410.735368	560.362888
404.519091	439.411406	383.556344	529.671563	416.589604	543.378344	0	0	0	0	350.436365	552.499788	410.443986	560.629589
416.896905	443.003661	384.099853	530.370552	416.66035	542.85594	0	0	0	0	350.856026	554.804481	410.443986	559.962835
426.557639	447.424898	385.078167	531.362972	417.03	542.97	0	0	0	0	351.695347	554.612424	410.152604	560.496238
435.614576	451.569808	385.730377	530.857918	417.02	543.03	0	0	0	0	351.695347	555.188597	410.735368	560.76294
444.973412	454.609409	385.208691	528.773584	417.03	543	0	0	0	0	351.905177	554.996539	411.318132	560.76294
452.52086	455.991046	386.643498	525.686724	416.56	542.97	0	0	0	0	352.5	555	410.881059	560.896291
463.087287	459.583301	389.100126	520.497842	416.57	542.91	0	0	0	0	353	555.01	410.881059	560.76294
477.578387	464.004538	393.71584	515.055839	416.58	542.86	0	0	0	0	353.03	555	412.192277	561.429695
490.861895	470.636394	399.001044	510.04889	417.61	542.89	0	0	0	0	353.01	555.5	413.066422	561.696397
497.50365	473.952322	402.911969	507.626906	418.55	542.94	0	0	0	0	353.52	555.99	413.794877	562.229801
498.107445	471.189049	406.310678	506.711871	419.53	542.98	0	0	0	0	354	556	414.755204	562.26294
498.107445	463.175556	406.344442	506.089319	420.02	543.01	0	0	0	0	354	555.99	415.625931	562.729801
