"ToeTip_X"	"ToeTip_Y"	"KneeElbow_X"	"KneeElbow_Y"	"HipShoulder_X"	"HipShoulder_Y"	"AnkleWrist_X"	"AnkleWrist_Y"	"MetaPhalJoint_X"	"MetaPhalJoint_Y"	"dorsal1_X"	"dorsal1_Y"	"dorsal2_X"	"dorsal2_Y"
445.107835	338.43037	339.071918	371.0791	350.201314	415.825169	0	0	0	0	294.70065	454.892605	356.48368	444.643144
443.37	335.75	337.569998	371.840212	350.201314	416.302999	0	0	0	0	294.97	455.58	355.98	445.07
442.38	334.49	336.319037	371.840212	349.727331	416.621552	0	0	0	0	295.01	456.61	355.98	445.08
440.84	332.73	335.068077	370.326877	349.569336	417.099382	0	0	0	0	295.01	457.1	355.99	445.56
439.03	330.87	334.567693	369.313543	349.885325	416.780829	0	0	0	0	294.49	457.02	356.01	445.5
436.48	329.26	334.567693	369.565765	350.04332	416.780829	0	0	0	0	294	456.97	356.02	444.48
433.05	327.22	334.567693	370.326877	350.201314	416.462276	0	0	0	0	294	456.96	355.52	443.94
429.44	325.44	334.567693	370.831322	350.675297	415.825169	0	0	0	0	293.5	456.94	355.49	443.92
426.13	324.36	334.817885	370.5791	350.833292	416.143723	0	0	0	0	293.97	456.44	355.51	443.95
423.32	323.67	333.316733	371.083545	350.833292	415.984446	0	0	0	0	294	455.45	356.01	443.97
420.66	323.7	332.816348	370.326877	350.201314	416.143723	0	0	0	0	294	454.97	356.02	444.02
419.15	324.17	332.065772	370.831322	349.411342	416.940106	0	0	0	0	294.03	455.51	356	444.02
416.82	324.78	332.065772	372.344657	350.517303	417.258659	0	0	0	0	294.04	456.07	356.03	444.06
414.67	325.56	330.56462	373.857992	352.097247	417.417936	0	0	0	0	294.59	456.65	356.56	444.04
412.81	325.9	330.314428	376.127995	354.151174	417.577212	0	0	0	0	297.11	457.06	357.11	444.03
410.91	326.36	330.314428	377.64133	355.731119	417.895765	0	0	0	0	298.67	457.62	359.16	444
409.42	326.72	331.065004	378.145775	356.837079	418.055042	0	0	0	0	299.68	457.51	360.62	443.98
407.83	327.44	332.817117	379.154664	358.417024	417.577212	0	0	0	0	300.22	458.03	361.6	444.02
405.67	327.41	333.567693	379.911332	359.838973	416.780829	0	0	0	0	301.24	458.03	362.19	443.52
404.12	327.8	333.817117	380.163554	363.392392	415.858511	0	0	0	0	303.18	457.98	364.79	443.43
402.17	328.58	335.817501	380.663554	367.272898	415.008076	0	0	0	0	305.7	457.32	368.39	441.92
400.11	329.56	338.070382	380.663554	371.659558	414.657642	0	0	0	0	309.56	455.32	372.31	440.79
398.87	330.08	340.822879	380.920222	377.227241	414.147381	0	0	0	0	313.84	454.09	377.33	439.76
398.36	329.78	344.325952	381.676889	382.963641	413.807207	0	0	0	0	319.84	453.63	382.14	439.59
398.37	330.07	348.330177	381.690224	389.706195	413.477294	0	0	0	0	326.06	452.91	388.66	439.22
397.75	330.05	352.081906	381.181334	397.142078	413.137121	0	0	0	0	333.54	452.93	395.7	438.86
397.53	330	362.089973	382.716894	404.065655	412.977294	0	0	0	0	342.3	452.96	403.57	438.92
397.83	329.91	373.847848	386.748009	411.007692	413.477294	0	0	0	0	351.55	451.81	409.64	439
396.78	330.05	380.601881	390.009121	416.388198	413.657642	0	0	0	0	359.56	450.49	414.44	439.44
394.68	329.51	385.447347	392.248922	421.943575	414.337989	0	0	0	0	366.46	449.95	419.46	440.07
392.93	328.87	390.061226	393.824165	425.986646	414.84825	0	0	0	0	370.07	451.48	423.25	440.9
391.03	328.43	391.868588	394.602019	426.511258	415.368771	0	0	0	0	371.57	452.48	424.09	441.96
388.79	328.03	392.368588	395.102019	426.66767	416.049119	0	0	0	0	371.93	452.54	424.01	442.1
386.99	327.98	392.868588	395.103323	425.486646	416.389293	0	0	0	0	372.38	452.94	423.93	442.01
385.4	327.91	392.368588	395.105932	425.311775	416.038858	0	0	0	0	371.9	452.99	423.92	442.03
384.46	327.95	392.621247	395.85528	425.5	416.51	0	0	0	0	372.4	453.08	423.46	442.06
384.28	328.03	393.115928	396.104628	425.84	417.28	0	0	0	0	371.96	453.64	423.47	442.63
383.8	327.99	393.115928	396.352671	426.02	418.18	0	0	0	0	371.9	454.17	423.46	443.16
383.84	328.13	393.115928	396.602019	426.47	419.43	0	0	0	0	371.91	454.62	423.44	443.64
384.03	328.14	392.626566	397.350062	426.07	419.19	0	0	0	0	371.88	455.06	422.93	444.56
383.91	327.99	392.126566	398.098106	425.92	419.72	0	0	0	0	371.92	455.1	422.95	445.04
383.95	328.01	391.631885	398.847453	425.96	420.06	0	0	0	0	371.94	455.54	422.97	445.05
384.03	328.03	390.884545	400.34354	426.51	420.56	0	0	0	0	371.96	456.03	422.99	445.53
384	328.06	391.142523	401.339627	426.5	421.11	0	0	0	0	371.96	456.03	422.98	446.02
383.93	327.99	390.916459	402.591584	425.96	421.75	0	0	0	0	371.42	456.05	422.97	446.56
383.34	327.91	390.147842	403.585061	425.47	422.08	0	0	0	0	370.92	456.54	422.47	446.53
382.78	327.95	389.900502	405.581148	425.47	422.52	0	0	0	0	370.91	456.51	422.47	446.52
382.56	328	389.900502	406.578539	424.95	422.46	0	0	0	0	370.95	456.48	422.44	446.5
381.95	328.1	389.653161	408.323974	424.68	421.97	0	0	0	0	370.95	455.97	421.98	445.99
381.07	328.04	388.663799	410.318756	424.56	421.35	0	0	0	0	370.96	455.94	421.47	445.44
379.08	327.91	388.669118	411.816147	424.35	420.73	0	0	0	0	370.47	455.42	420.96	444.87
376.96	327.92	387.948372	414.313539	424.37	419.93	0	0	0	0	369.46	454.91	420.95	444.43
372.279502	327.249783	387.201032	416.557669	424.31	418.93	0	0	0	0	367.94	453.38	420.47	443.44
367.192606	326.709975	385.716989	419.053755	424.24	418.38	0	0	0	0	367.88	452.94	419.92	442.9
358.08974	326.709975	384.743583	420.545929	424.25	417.26	0	0	0	0	367.95	453	419.43	442.45
343.364515	330.758537	382.748902	420.78745	423.78	417.52	0	0	0	0	366.95	453.02	419.43	442.47
332.922993	338.315852	380.25954	421.28745	423.22	417.28	0	0	0	0	366.43	453.05	418.97	442.48
323.016932	343.983838	380.254221	422.035494	422.97	417.04	0	0	0	0	366.01	453.05	419.01	443.01
315.788186	348.302304	379.770178	422.784841	422.56	417.6	0	0	0	0	365.99	453.03	418.51	443.05
312.843141	350.461537	380.264859	422.78745	422.35	417.57	0	0	0	0	366	453.06	418.47	443.04
318.197768	343.44403	380.506881	423.035494	421.48	417.98	0	0	0	0	365.99	453.52	417.99	443.5
327.032903	332.647866	380.238265	422.535494	421.52	417.95	0	0	0	0	365.98	453.97	418	443.98
339.884008	328.599304	380.490924	422.78745	421.84	418.01	0	0	0	0	366.01	453.97	418	443.98
353.270576	326.440071	380.506881	423.284841	421.53	418.53	0	0	0	0	366.01	454.03	417.51	444.03
364.783024	324.280838	381.248902	423.286146	421.5	418.54	0	0	0	0	365.98	454.06	417.47	444.06
376.563203	324.820646	382.248902	423.036798	421.49	418.5	0	0	0	0	366	454.57	417	444.54
390.595744	327.285756	383.243583	422.535494	421.09	419	0	0	0	0	366	455.02	416.99	444.51
400.91305	327.207241	383.00848	422.870051	421.01	418.99	0	0	0	0	366	454.98	417.02	444.5
408.680729	326.707241	383.02	421.94	421	419	0	0	0	0	366	455	417	444.48
421.498035	326.322944	382.47	419.49	420.94	419.37	0	0	0	0	366.01	455.02	417	444.49
438.00858	324.401458	384.79	408.35	421.01	418.9	0	0	0	0	366	454.92	416.99	444.42
451.969496	326.05435	388.785078	397.834155	421.53	419.42	0	0	0	0	366.01	454.41	417.01	444.47
458.974769	327.285756	390.825662	393.105782	421.55	419.56	0	0	0	0	365.99	454.03	417.01	444.54
464.04921	328.05435	394.161033	388.524345	421.11	420.54	0	0	0	0	365.99	454.6	417	444.59
470.267261	329.591538	398.736247	384.465482	419.075375	420.801291	0	0	0	0	365.98	455.08	416	444.54
476.366516	329.207241	403.677478	380.775607	419.075375	421.141465	0	0	0	0	366.02	455	416.49	444.48
485.896602	328.822944	408.569684	377.746176	418.563069	421.651725	0	0	0	0	366.01	454.96	416	444.46
494.664281	329.591538	411.386392	375.885423	418.394351	420.971378	0	0	0	0	366	454.42	415.99	443.96
504.956774	331.513023	413.823754	373.428281	418.225633	420.971378	0	0	0	0	366	453.87	416	443.4
514.48686	334.5874	415.354889	371.471139	417.71948	419.780769	0	0	0	0	366	452.8	415.99	442.4
521.348521	338.046073	416.708979	370.242568	417.71948	418.420074	0	0	0	0	366	450.82	415.99	440.36
