"ToeTip_X"	"ToeTip_Y"	"KneeElbow_X"	"KneeElbow_Y"	"HipShoulder_X"	"HipShoulder_Y"	"AnkleWrist_X"	"AnkleWrist_Y"	"MetaPhalJoint_X"	"MetaPhalJoint_Y"	"dorsal1_X"	"dorsal1_Y"	"dorsal2_X"	"dorsal2_Y"
301.278986	614.05747	123.024619	472.582636	144.472723	390.956671	0	0	0	0	28.26	351	141.13	325.07
302.240842	614.352972	123.779624	472.336537	145.773611	390.673989	0	0	0	0	29.06	350.89	142.08	324.87
301.240842	613.943976	124.534629	472.336537	146.8744	390.086978	0	0	0	0	30.19	350.94	144.09	324.44
299.196659	614.852972	123.024619	470.859943	148.075486	389.999966	0	0	0	0	34.44	350.3	145.34	323.98
297.772948	615.170963	123.024619	469.13725	150.876867	389.325943	0	0	0	0	37	349.64	147.71	323.81
296.602255	615.375461	123.276287	467.168459	154.149599	388.817877	0	0	0	0	40.96	349.19	150.53	323.52
294.431563	615.988955	124.534629	464.46137	159.026995	387.560708	0	0	0	0	45.91	347.47	155.68	322.72
293.052034	616.193453	126.044639	461.754282	164.931211	386.303539	0	0	0	0	51.59	345.94	161.36	321.77
291.590178	616.39795	127.55465	459.78549	170.578722	384.797394	0	0	0	0	57.77	345.07	167.12	320.52
290.419486	616.39795	130.63079	457.009719	177.766463	383.293297	0	0	0	0	64.28	344.17	175.097807	319.711571
289.166467	616.39795	135.165936	454.644502	184.684089	382.040225	0	0	0	0	71.11	343.24	181.758055	318.996431
288.331121	616.39795	139.701082	452.870589	192.39865	380.785104	0	0	0	0	78.48	342.6	189.098472	318.135871
287.995774	616.39795	144.236228	450.801023	199.843096	379.027935	0	0	0	0	85.91	341.48	196.158676	317.12989
287.913447	616.306946	148.379484	449.182382	208.300952	377.272814	0	0	0	0	94.56	340.28	204.739022	316.27531
287.331121	616.511444	152.621598	446.935421	217.299039	374.5095	0	0	0	0	102.78	338.11	212.819368	314.69961
286.204611	616.39795	159.161524	443.614342	227.297125	372.250283	0	0	0	0	113.54	335.68	222.407924	312.692004
286.078101	616.306946	167.115487	440.003165	237.065327	369.986969	0	0	0	0	123.86	332.61	230.905004	310.616725
284.951592	616.193453	176.284593	437.405369	247.293298	366.976727	0	0	0	0	133.94	329.78	241.551565	307.598139
283.907409	615.988955	185.657229	435.335804	256.783633	364.590067	0	0	0	0	141.7	326.47	250.391057	304.768214
282.116245	616.488955	196.843922	433.583629	269.668684	361.682397	0	0	0	0	152.86	322.84	262.14365	301.626951
280.198572	617.193453	207.332959	432.331455	280.282837	359.695464	0	0	0	0	164.13	320.93	275.034698	299.674349
278.38115	619.162219	217.791993	431.867224	291.871781	358.108917	0	0	0	0	175.1	319.37	288.575228	297.853718
276.492031	619.955021	230.038956	431.388187	304.156062	357.428968	0	0	0	0	186.17	317.98	302.056708	296.53633
273.79329	620.219288	242.775797	432.585781	315.281449	357.202318	0	0	0	0	197.28	317.65	313.660349	296.227879
271.634297	620.483555	256.002516	434.980968	327.56573	358.108917	0	0	0	0	208.69	318.18	324.602053	296.164029
269.475304	620.219288	269.964053	439.052787	338.691117	359.695464	0	0	0	0	220.85	319.01	337.421609	296.164029
266.506689	619.690753	284.17053	443.124605	351.525841	362.240914	0	0	0	0	233.68	321.61	351.403103	297.254406
263.577822	619.662219	299.189376	448.680259	363.905341	364.962139	0	0	0	0	246.4	324.89	364.013838	300.653234
259.220088	619.162219	315.298873	457.501935	377.508981	370.414021	0	0	0	0	259.13	330.04	376.502427	305.541266
254.362354	618.897951	329.260437	468.424011	389.551549	375.865903	0	0	0	0	273.44	336.06	389.268005	311.775073
250.393739	618.662219	341.718448	476.615568	404.716263	384.588914	0	0	0	0	286.87	341.57	403.896497	318.510655
246.297516	618.04808	349.239996	481.028071	415.197757	390.913097	0	0	0	0	299.41	345.24	415.227175	322.609274
244.218019	618.076615	355.942665	483.442828	423.672156	393.748076	0	0	0	0	309.22	346.24	422.899984	324.787568
242.678271	617.283813	360.175931	483.270345	430.585482	394.402302	0	0	0	0	317.68	346.5	430.330264	325.99773
241.598774	617.255278	363.174493	480.855588	436.160744	394.402302	0	0	0	0	322.64	347.2	436.265523	326.239763
241.279078	616.854047	365.820284	477.923384	439.951923	394.184227	0	0	0	0	326.96	347.31	440.458252	326.739763
241.009302	617.14066	367.760531	475.853592	442.85106	393.966151	0	0	0	0	329.87	347.98	442.943312	326.981796
241.413967	616.497354	369.700777	474.128766	445.527186	393.966151	0	0	0	0	332.09	348.88	445.175882	327.449926
241.009302	616.067434	371.111866	471.886492	447.257291	394.030001	0	0	0	0	333.88	349.4	447.403472	327.949926
240.913967	616.354047	372.422634	469.585336	449.095354	393.966151	0	0	0	0	335.64	350.35	449.626082	328.676024
241.548855	616.497354	374.139225	468.279757	450.656427	394.620377	0	0	0	0	337.19	350.84	451.858651	329.144154
240.962169	615.989464	375.73728	467.3472	451.825459	395.056528	0	0	0	0	338.72	351.35	453.838731	329.870252
241.400195	616.334344	376.763139	466.787666	452.886532	395.492678	0	0	0	0	339.81	351.36	455.076281	330.112284
241.962169	616.21386	378.407533	466.04162	453.778574	395.710754	0	0	0	0	341.22	351.74	456.561341	330.354317
242.488435	616.283135	379.433391	465.855109	455.116637	395.928829	0	0	0	0	341.73	352.2	458.293911	330.596349
256.993978	615.270471	379.768517	465.982086	456.008679	396.646904	0	0	0	0	342.25	352.12	459.278971	330.354317
366.431592	573.323854	382.17584	466.982086	456.677711	397.237281	0	0	0	0	342.69	352.05	460.26901	330.354317
438.791595	535.436817	388.686597	468.974177	457.346743	397.455356	0	0	0	0	343.34	352.14	460.76403	330.354317
522.789041	542.520156	401.795409	471.763939	458.684806	397.455356	0	0	0	0	345.93	352.81	461.25905	329.870252
603.51547	563.585222	419.846924	473.284631	460.245879	397.673431	0	0	0	0	347.66	353.12	461.9966	329.870252
643.080135	571.786228	438.347958	474.776722	461.583942	397.955356	0	0	0	0	349.69	353.01	462.99162	330.112284
658.097379	592.43014	451.232462	476.110101	462.645016	398.391506	0	0	0	0	351.43	353.01	464.21921	329.870252
660.846729	615.947766	460.326162	476.396954	464.260068	398.545732	0	0	0	0	353.06	353	465.19431	329.870252
