"ToeTip_X"	"ToeTip_Y"	"KneeElbow_X"	"KneeElbow_Y"	"HipShoulder_X"	"HipShoulder_Y"	"AnkleWrist_X"	"AnkleWrist_Y"	"MetaPhalJoint_X"	"MetaPhalJoint_Y"	"dorsal1_X"	"dorsal1_Y"	"dorsal2_X"	"dorsal2_Y"
584.449651	249.731279	478.950685	325.328319	518.012511	357.471515	0	0	0	0	438.225469	401.37451	518.189471	393.676661
584.640522	249.804109	478.74051	325.676874	517.512511	357.28978	0	0	0	0	438.01	401.01	518.02	394.01
583.404007	250.163354	478.50005	326.06804	516.98	357.03	0	0	0	0	438.49	401.01	517.99	394
581.976621	250.449769	477.778671	326.736415	517.48	357.02	0	0	0	0	439.01	401.01	518	394
580.667492	250.949769	476.797752	327.404789	516.99	357.02	0	0	0	0	439.5	400.98	518.02	394
578.885334	251.809014	475.893155	328.127581	517.27	357.01	0	0	0	0	439.53	401.01	518.02	394.01
577.339691	252.454673	475.374074	328.741538	516.82	357	0	0	0	0	440	400.99	518.52	393.99
576.103176	253.600333	474.912235	330.078287	517.03	356.98	0	0	0	0	441.04	401	519.04	393.51
573.321017	254.173163	474.190856	331.806203	517.64	356.96	0	0	0	0	441.04	401.01	519.55	393.48
570.657116	254.959578	473.709937	333.197369	518.07	356.96	0	0	0	0	442.53	401	520.06	393.01
567.447572	256.750898	473.209937	334.648075	518.07	356.96	0	0	0	0	443.04	401	521.04	392.98
564.665414	257.323727	472.863198	335.736814	519.19	356.94	0	0	0	0	444.03	400.97	522.04	392.99
562.810641	257.610142	472.36337	336.931467	520.09	356.89	0	0	0	0	445.56	400.99	523.06	392.5
560.837612	256.678068	472.613284	338.357673	521.545739	356.110293	0	0	0	0	447.05	401.01	525.57	391.49
558.66	257.36	473.613284	339.941634	523.795138	354.991158	0	0	0	0	449.55	401.01	528.413357	390.464402
557.04	257.72	475.112426	340.367839	527.544022	352.943322	0	0	0	0	451.05	400.98	532.21073	389.092369
555.49	258.81	476.861825	341.09939	530.875867	351.234609	0	0	0	0	453.07	400.99	535.69129	387.911629
553.44	259.45	478.36131	341.09939	533.791532	349.686773	0	0	0	0	455.04	399.99	538.439101	386.901075
552.35	259.53	480.110709	341.330942	536.707197	348.32937	0	0	0	0	458.04	398.96	541.020746	386.081828
551.01	260.56	482.10985	341.136288	539.872776	346.858926	0	0	0	0	460.54	398	543.911502	384.870258
550.19	261	484.609163	340.830942	542.122175	345.930224	0	0	0	0	463.56	396.47	546.324397	383.779845
549.74	261.23	487.358391	340.136288	544.136405	345.084549	0	0	0	0	467.55	395.46	548.399138	382.494788
549.75	261.28	489.85736	339.015429	546.601695	344.37243	0	0	0	0	470.55	394.51	550.343309	381.50735
549.26	261	493.106588	338.126121	550.108935	342.939926	0	0	0	0	473.78	393.45	552.757977	380.387449
548.82	261.02	496.105386	336.163019	553.785895	341.338	0	0	0	0	477.63	392.6	556.223338	379.072571
548.61	261.06	499.604012	334.115955	557.344243	340.236074	0	0	0	0	481.03	391.99	559.03	378
548.64	261.03	503.60281	332.531993	561.041448	339.747573	0	0	0	0	484.05	391.5	562.5	377.01
548.44	260.97	507.601436	331.874237	564.834658	339.541544	0	0	0	0	487.04	390.99	566.29712	376.492557
548.45	261	511.849805	330.911134	568.247881	339.070858	0	0	0	0	491.52	390.01	569.609219	375.784254
548.46	260.97	515.348431	329.790275	571.154457	338.600172	0	0	0	0	494.54	389	572.591511	375.217611
548.43	260.96	519.097315	329.290275	573.954314	338.364829	0	0	0	0	498.08	388	575.598642	374.650967
547.9	260.9	523.59577	329.753378	577.760818	338.011814	0	0	0	0	501.53	387.5	579.038386	374.442664
548.26	260.5	528.094053	329.984929	581.54738	337.6588	0	0	0	0	505.54	386.51	581.978129	374.017681
548.01	260.88	532.342593	329.984929	584.73387	337.717427	0	0	0	0	508.56	385.99	585.552649	373.526056
547.45	261.02	535.591305	329.290275	588.39377	337.482084	0	0	0	0	511.55	384.99	589.017232	372.884395
547.36	260.95	540.58976	327.669416	591.693627	336.893727	0	0	0	0	514.05	384.51	592.06	372.5
546.86	260.93	544.588558	326.51166	595.040945	336.514829	0	0	0	0	517.53	383.49	595.05	371.98
547.07	260.96	548.587356	325.15925	597.779931	335.978151	0	0	0	0	520.57	383	598.06	371.49
546.85	260.91	552.585811	323.733045	601.380151	334.920744	0	0	0	0	523.04	382.51	602.04	370.5
546.32	260.84	555.941973	322.678237	604.955009	334.417544	0	0	0	0	525.53	382.5	605.56	369.5
545.73	260.3	558.47843	321.829045	608.421539	333.914344	0	0	0	0	528.09	382	609.06	368.52
545.34	259.79	561.558699	320.750819	611.063081	333.414344	0	0	0	0	530.56	381.5	611.58	367.99
543.62	259.04	563.80686	321.100012	613.837991	333.411145	0	0	0	0	533.04	381.49	614.05	368.01
543.57	258.53	566.427264	320.714528	615.829559	333.407945	0	0	0	0	536.55	380.98	616.04	367.99
543.08	258.62	569.047667	320.136303	618.212798	333.307305	0	0	0	0	538.56	381.01	618.07	368.02
542.74	258.88	572.252017	318.787111	620.012746	332.706665	0	0	0	0	540.04	380.99	619.57	367.51
542.24	258.41	574.956366	317.437918	621.136904	332.852398	0	0	0	0	542.6	380.99	620.06	367.47
541.92	257.96	576.744662	316.395984	621.61	332.92	0	0	0	0	545.07	380.99	620.6	367.49
541.98	258	578.200851	316.125017	622.425246	333.005418	0	0	0	0	547.56	380.99	621.04	367.49
541.99	258.01	578.616904	316.974209	623.413509	333.005418	0	0	0	0	549.08	380.5	621.57	367.49
542.01	257.98	578.616904	318.708885	624.072351	333.158437	0	0	0	0	549.05	381	622.04	367.51
541.96	257.96	578.200851	320.792754	624.066483	333.158437	0	0	0	0	548.51	381.02	622.53	367.5
541.49	258.06	577.57677	323.605655	624.237062	332.811457	0	0	0	0	548.99	381	623.01	367.5
541.56	257.96	576.828608	325.533072	624.237062	332.852398	0	0	0	0	548.99	380.98	622.99	367.48
542.07	258	577.452689	328.075006	624.237062	332.74032	0	0	0	0	548.99	380.98	622.99	367.48
541.99	257.94	577.784797	330.002424	623.907641	332.699379	0	0	0	0	548.99	380.99	622.51	366.99
542.01	257.48	577.992824	332.122584	624.96	332.5	0	0	0	0	549	381	623	367.01
542.02	257.58	579.032958	332.971776	625.04	332.89	0	0	0	0	549	380.99	622.99	366.98
542.05	257.44	579.657039	334.320968	624.99	332.52	0	0	0	0	548.99	381	623.01	366.99
542.04	257.05	579.949012	334.899193	625.5	332.88	0	0	0	0	548.99	381.01	622.99	367.01
542.04	256.99	579.657039	334.742743	625.49	333.02	0	0	0	0	549	381	623.01	367.01
542.53	257.05	579.657039	335.550001	625.05	333.03	0	0	0	0	549.01	381	622.99	367
543.05	257.04	580.01	335.73	624.97	332.99	0	0	0	0	549	381	622.99	367
543.1	257.03	580.04	335.45	624.94	332.99	0	0	0	0	549	381	623	366.99
542.52	256.97	580.06	334.94	624.97	332.49	0	0	0	0	549	381	622.99	367
542.9	257.5	580.06	335.46	624.99	332.02	0	0	0	0	548.5	380.49	623	367
542.96	257.48	580.57	336.46	624.96	331.99	0	0	0	0	548.97	380.01	622.99	366.5
543.01	257.15	580.58	336.47	625	332.01	0	0	0	0	549.02	380.01	623.01	367.01
542.98	257	580.57	336.48	624.99	332.02	0	0	0	0	549	380	623	366.98
543.03	257	580.61	336.46	625	332	0	0	0	0	549.01	380	623.01	367.01
543.03	256.96	580.58	336.96	624.572351	331.822203	0	0	0	0	548.99	380.01	623.02	367
543.02	256.96	580.57	336.45	624.401772	331.628242	0	0	0	0	549.01	380	622.99	367.01
543.06	256.79	581.06	335.96	624.737062	331.281262	0	0	0	0	549	380.02	623.49	366.99
543.19	256.82	579.949012	336.212095	624.901772	331.169184	0	0	0	0	549	379.99	623.03	367.01
543.43	256.22	579.032958	335.748386	624.895904	330.863145	0	0	0	0	549.49	379.99	622.99	367
543.3	256.32	578.200851	334.51371	625.390035	331.016165	0	0	0	0	549.03	379.98	623.51	366.49
542.36	255.41	577.57677	333.550001	625.725325	331.016165	0	0	0	0	549.5	379.98	624	366
542.451991	253.114574	577.784797	332.315325	626.048877	330.904087	0	0	0	0	550.01	379.98	624.99	365.99
545.941343	241.559574	577.992824	330.658875	627.525403	331.016165	0	0	0	0	549.99	379.98	626.03	366
569.892261	209.116612	578.07677	329.038715	629.496061	331.475223	0	0	0	0	550.02	379.98	626.51	365.99
592.207252	203.461849	578.07677	327.382265	630.506742	331.864871	0	0	0	0	550	379.98	627.5	366.03
610.467451	203.238765	578.116904	326.225814	630.889482	332.929125	0	0	0	0	550.01	379.97	628.54	366.5
630.562854	205.039363	578.865066	324.370979	631.130329	332.808111	0	0	0	0	550.01	379.99	628.5	366.97
648.536102	209.950672	579.880914	321.616135	630.99	333.42	0	0	0	0	550	380	628.5	367.5
664.22556	215.732294	581.360216	317.331789	630.59	333.99	0	0	0	0	550.01	380.03	628.5	368
679.058439	222.174672	583.332619	312.77827	630.6	334.01	0	0	0	0	550	380.05	628	368.04
691.682112	228.777807	585.859952	308.527671	630.32612	334.215829	0	0	0	0	550.51	380.55	628	368.01
700.953155	234.403105	588.361396	304.674595	630.114814	334.436675	0	0	0	0	551	381	627.98	368.01
706.836702	238.863213	590.901079	301.824108	630.037849	334.694791	0	0	0	0	551	380.98	628.02	368.49
708.332752	238.85878	592.748122	299.826696	630.05	334.95	0	0	0	0	551.01	380.99	628.02	368
