"ToeTip_X"	"ToeTip_Y"	"KneeElbow_X"	"KneeElbow_Y"	"HipShoulder_X"	"HipShoulder_Y"	"AnkleWrist_X"	"AnkleWrist_Y"	"MetaPhalJoint_X"	"MetaPhalJoint_Y"	"dorsal1_X"	"dorsal1_Y"	"dorsal2_X"	"dorsal2_Y"
291.714374	545.101798	162.813974	575.95571	169.13028	627.37419	0	0	0	0	90.962603	661.434754	168.064222	661.19348
288.07	546.8	161.43	577.35	170.28	627.71	0	0	0	0	94.368315	661.899748	169.05	661.21
286.03	547.54	159.94	578.9	171.49	627.66	0	0	0	0	96.377836	661.934754	170.13	661.58
283.36	548.69	158.848732	580.754115	174.18	627.5	0	0	0	0	98.387357	661.667251	172.7	661.72
280.94	549.45	157.927973	583.753411	176.64	627.61	0	0	0	0	101.104494	661.434754	174.62	662.02
279.01	549.96	158.225007	585.952426	181.061252	628.480506	0	0	0	0	104.425439	661.132245	178.12	662.15
277.52	550.43	158.645766	589.451723	185.084487	628.726355	0	0	0	0	108.350193	661.364742	182.21	662.5
276.05	550.88	159.769491	592.850691	188.414061	628.972203	0	0	0	0	112.878754	661.132245	185.25	662.61
274.2	551.15	161.393215	595.749893	193.963351	629.709747	0	0	0	0	116.6997	660.829736	190.47	662.88
272.06	551.16	163.408043	600.049237	199.928837	630.201444	0	0	0	0	121.030166	660.864742	196.49	663.26
270.2	551.56	166.155492	603.148392	206.504181	630.447292	0	0	0	0	125.756823	660.597239	202.15	663.45
268.39	552.01	169.808872	606.047829	212.830935	630.938988	0	0	0	0	132.200618	660.899748	208.38	663.75
268.11	551.52	174.383012	608.447501	219.073886	631.553609	0	0	0	0	138.540605	661.399748	214.1	664.54
267.2	551.47	179.363082	610.746844	225.594301	632.045305	0	0	0	0	145.786304	662.737263	220.3	665.16
266.85	551.58	186.140187	613.446563	233.363307	633.643319	0	0	0	0	153.739619	664.109784	227.34	666.19
266.4	552	193.352878	615.745906	240.577383	634.626711	0	0	0	0	160.579606	664.609784	235.51	667.41
266.48	551.99	200.23888	618.245203	247.249311	635.448409	0	0	0	0	166.919592	665.14479	242.06	668.33
265.96	551.9	208.407722	619.95472	254.243064	636.508321	0	0	0	0	174.05	665.93	249.06	668.85
266.5	551.96	218.241462	621.827166	261.42037	636.659737	0	0	0	0	181.33	666.52	256.55	669.8
266.43	551.92	228.955333	623.44859	267.243235	637.628145	0	0	0	0	189.55	667.65	263.76	670.94
265.97	551.93	239.268548	625.197569	276.129423	637.976729	0	0	0	0	197.06	669.15	272.3	671.47
265.37	551.87	250.412222	625.946547	284.332058	638.582393	0	0	0	0	204.86	670.78	280.265932	671.981133
264.91	551.85	261.126093	626.633792	291.680252	638.779561	0	0	0	0	214.636745	672.310231	286.9	672.69
264.2	551.82	269.439308	626.697569	299.334194	639.752696	0	0	0	0	225.707108	674.313238	293.64	673.05
263.92	551.89	276.971735	626.135835	305.466779	640.21845	0	0	0	0	233.746198	675.148242	300.23	673.15
263.46	551.82	282.153178	625.574101	312.300232	640.21845	0	0	0	0	241.031379	676.150247	306.62	673.59
262.97	551.47	286.524687	624.94859	318.432817	640.994706	0	0	0	0	245.177879	676.985251	312.61	674.14
262.34	551.58	290.326	624.512367	323.514103	642.081465	0	0	0	0	249.324379	677.486253	317.92	674.96
261.95	551.5	293.697509	624.199612	327.012732	643.561573	0	0	0	0	253.028492	678.321258	322.04	675.86
261.98	551.84	296.428624	624.759302	328.419619	644.241524	0	0	0	0	254.782401	678.655259	324.21	676.68
261.97	551.5	297.387914	625.588132	328.803315	644.921474	0	0	0	0	256.421083	678.656262	325.23	676.98
261.91	551.37	297.725808	626.66999	328.675416	644.694824	0	0	0	0	256.22	678.93	325.92	676.89
261.94	550.92	297.648176	628.001507	329.314911	645.034799	0	0	0	0	257.12	678.39	326.56	676.94
261.92	550.9	297.80344	629.415563	329.187012	644.581499	0	0	0	0	257.58	677.92	326.61	676.98
261.52	550.92	297.212125	630.081322	329.442809	644.808149	0	0	0	0	258.01	677.94	326.55	677.05
260.88	550.92	295.769232	630.414201	329.442809	645.034799	0	0	0	0	258	677.97	326.48	677.01
259	551.39	294.346864	629.914201	329.442809	644.808149	0	0	0	0	258.5	678.02	326.02	677.06
257.71	550.72	293.340023	628.500145	329.954405	644.921474	0	0	0	0	258.99	678.52	325.99	677.02
251.522933	549.444234	292.846864	626.584727	329.698607	645.828075	0	0	0	0	258.52	678.55	326.03	677.03
261.557085	514.407425	292.910813	624.087451	329.85189	644.978727	0	0	0	0	258.98	678.56	325.51	677.04
295.170897	498.82394	294.171075	621.344603	329.21554	645.576461	0	0	0	0	259.03	679.2	326.03	677.84
335.375653	495.252724	298.563703	613.521939	329.71554	645.334922	0	0	0	0	259.53	679.98	326.03	678.03
368.659918	497.849972	305.221314	606.100663	331.007238	645.222612	0	0	0	0	259.56	678.9	326.07	677.79
400.5677	510.398377	310.635339	600.522165	330.861389	644.334922	0	0	0	0	260.07	678.71	326.07	677.64
425.553588	527.039531	318.199113	595.338506	330.944786	644.205691	0	0	0	0	260.59	677.77	327.12	677.24
442.797369	542.987302	323.789729	593.718612	331.298937	644.464152	0	0	0	0	260.56	677.88	327.17	677.07
451.947131	553.388023	328.064906	592.584687	331.21554	644.851842	0	0	0	0	261.08	678.04	327.62	677.14
458.577753	561.015219	330.366925	592.11275	331.361389	644.851842	0	0	0	0	261.56	678.11	328.13	677.07
462.504548	568.989105	331.846793	592.098719	331.298937	644.868763	0	0	0	0	262.09	678.59	327.81	677.01
463.356462	573.149393	332.997803	591.936729	331.319499	644.739533	0	0	0	0	262.17	678.58	328.55	677
463.764118	572.415939	331.353504	592.098719	331.465532	645.039386	0	0	0	0	262.19	679.07	328.97	677.14
