"ToeTip_X"	"ToeTip_Y"	"KneeElbow_X"	"KneeElbow_Y"	"HipShoulder_X"	"HipShoulder_Y"	"AnkleWrist_X"	"AnkleWrist_Y"	"MetaPhalJoint_X"	"MetaPhalJoint_Y"	"dorsal1_X"	"dorsal1_Y"	"dorsal2_X"	"dorsal2_Y"
488.731062	877.855175	332.116769	835.195505	330.02463	777.804205	0	0	0	0	255.762531	795.683137	322.169691	753.64149
487.96	878.05	330.91	835.31	330.91	777.42	0	0	0	0	256.28	795.39	323.2	752.96
486.46	878.53	329.6	835	332.15	776.82	0	0	0	0	256.38	794.34	324.71	752.4
485.02	879.31	328.9	834.03	333.76	776	0	0	0	0	257.35	793.12	326.24	751.19
483.51	879.91	327.32	833.12	335.72	774.94	0	0	0	0	258.8	792.4	328.04	750.39
481.97	880.83	325.92	831.84	338.06	773.88	0	0	0	0	260.94	790.78	330.27	748.83
480.01	881.91	324.45	830.63	340.28	772.38	0	0	0	0	262.98	789.34	332.41	747.66
477.5	882.98	323.56	828.94	342.96	770.27	0	0	0	0	265.25	787.66	335.17	746.02
474.57	883.81	324.16	826.59	346.28	767.91	0	0	0	0	267.59	786.38	338.27	743.92
471.57	885.28	324.77	822.96	349.68	765.88	0	0	0	0	271.29	783.87	341.43	742.17
468.51	886.45	325.93	819.05	354.76	761.92	0	0	0	0	275.62	781.15	345.11	739.68
464.97	887.79	328.42	814.95	359.49	758.23	0	0	0	0	280.34	777.95	349.38	737.25
462.05	889.12	332.1	810.97	364.14	754.6	0	0	0	0	285.52	774.38	355.1	733.12
459.04	890.1	335.55	806.51	369.97	750.35	0	0	0	0	291.74	769.68	360.32	729.46
456.06	891.11	339.89	802.01	376.57	745.8	0	0	0	0	298	765.76	365.38	725.9
454.12	891.64	344.58	797.88	383.21	741.56	0	0	0	0	304.11	762.09	370.39	722.1
452.09	892.72	349.49	793.9	389.58	737.93	0	0	0	0	310.12	758.39	376.04	718.32
451.49	891.42	354.32	790.1	396.16	734.39	0	0	0	0	317.6	754.91	383.05	714.76
451	892.02	360	786.67	402.32	730.85	0	0	0	0	324.37	751.81	390.35	710.89
451.12	892.4	365.4	784.17	408.35	727.73	0	0	0	0	330.35	749.09	397.71	707.25
450.94	892.46	370.63	781.13	414.1	725.06	0	0	0	0	336.52	746.14	404.25	704.42
449.804087	893.619636	376.7	778.23	420.16	722.14	0	0	0	0	343.28	743.12	410.83	701.03
447.947434	894.571528	383.58	775.56	426.33	719.73	0	0	0	0	349.75	740.06	417.17	698.3
445.8587	895.285448	390.15	773.8	432.96	717.65	0	0	0	0	356.52	737.17	423.9	695.57
444.930373	895.761394	396.66	772.19	439.38	715.94	0	0	0	0	363.54	734.65	430.84	693.82
443.305802	896.951259	403.33	770.87	445.93	714.09	0	0	0	0	370.36	732.86	437.7	691.52
441.217067	897.427205	409.65	769.45	451.89	712.05	0	0	0	0	376.47	730.93	444.46	689.69
440.752904	897.665179	416.02	767.82	457.45	710.47	0	0	0	0	382	729.03	449.78	687.85
441.217067	897.427205	421.88	766.69	462.02	708.7	0	0	0	0	387.37	727.11	454.89	685.97
441.217067	896.951259	427.45	765.8	466.7	707.28	0	0	0	0	392.04	725.73	459.76	684.21
440.752904	897.665179	432.56	765.61	470.69	705.99	0	0	0	0	396.75	724.64	464.7	681.77
440.752904	897.903152	438.3	766.22	475.32	705.61	0	0	0	0	401.33	723.69	469.9	681.02
438.896251	897.665179	442.85	766.78	479.94	706.43	0	0	0	0	405.89	724.37	475	681.61
437.039597	897.903152	447.9	767.84	485.19	707.17	0	0	0	0	410.85	724.45	480.75	683.03
434.950863	898.355044	452.97	769	490.52	708.23	0	0	0	0	416.1	724.64	487.05	683.77
434.522536	897.903152	458	770.02	496.66	709.8	0	0	0	0	421.26	725.54	491.95	685.24
434.290455	898.141125	462.471005	770.292417	502.33	711.06	0	0	0	0	426.26	726.32	497.66	686.23
434.754618	897.903152	467.279121	766.770866	507.25	711.49	0	0	0	0	430.95	725.93	502.63	687.06
435.83506	897.633599	471.171405	765.127475	511.71	711.24	0	0	0	0	435.31	725.11	507.41	686.81
436.649133	897.007545	473.689942	763.718855	515.02	710.84	0	0	0	0	438.08	724	510.01	686.37
436.038578	897.21623	475.750563	763.249315	516.92	710.22	0	0	0	0	440.14	723.31	512.59	685.53
436.445614	897.007545	476.666395	762.779774	518.06	709.77	0	0	0	0	441.26	722.85	513.92	685.17
436.038578	897.424914	477.582227	761.605924	518.65	709.71	0	0	0	0	441.44	723.01	514.87	685.44
436.038578	897.21623	478.040142	760.666844	519.21	709.97	0	0	0	0	441.43	723.57	515.22	685.03
436.038578	897.633599	478.727016	760.432074	519.33	709.98	0	0	0	0	441.11	724.13	515.7	684.99
436.242096	896.798861	478.498058	759.962534	519.24	710.03	0	0	0	0	441.06	724.22	516.05	685.03
437.666723	896.381491	478.727016	760.197304	519.54	710.07	0	0	0	0	441.05	724.65	516.03	685.06
437.870241	896.381491	479.41389	759.023453	520.02	710.03	0	0	0	0	441.03	725.09	516	685.03
439.263935	896.172144	479.871806	758.084373	519.98	710	0	0	0	0	441.02	725.66	516.5	685.01
440.605258	897.547517	479.642848	757.380063	519.47	709.98	0	0	0	0	440.99	726.08	516.96	685
430.700809	901.802767	479.871806	756.910523	519.46	710	0	0	0	0	440.99	726.11	516.98	685.02
415.120109	881.043035	479.41389	757.145293	519.43	710	0	0	0	0	441.01	726.05	517.01	685
420.512199	863.118398	480.329721	757.380063	519.58	709.99	0	0	0	0	441.03	726.06	517.56	685
435.306209	845.9702	481.016595	757.380063	519.62	710.02	0	0	0	0	441.05	726.08	518.08	684.99
455.245961	831.899883	481.474511	757.380063	520.61	710.05	0	0	0	0	441.55	726.59	518.15	685.01
479.896286	816.602446	482.390343	757.849603	521.3	710.06	0	0	0	0	442.04	727.09	518.06	685.04
508.406883	805.210658	484.679922	760.432074	521.31	710.06	0	0	0	0	442.24	727.1	518.56	685.01
543.50776	796.429403	486.969501	761.136384	521.61	710.62	0	0	0	0	442.27	727.06	519.06	685.05
576.963016	791.186262	491.548659	762.545004	521.89	711.12	0	0	0	0	442.07	727.07	519.16	685.07
602.802202	785.860778	497.730522	763.484085	522.57	711.72	0	0	0	0	442.08	727.09	519.59	685.55
625.739081	780.791686	502.767596	763.718855	523.13	711.52	0	0	0	0	442.06	727.54	520.07	686
643.981082	776.624024	508.949459	763.953625	523.1	711.22	0	0	0	0	442.55	727.53	520.61	685.99
656.105887	778.641238	513.528617	763.249315	523.06	711.5	0	0	0	0	443.04	727.5	521.05	686
663.617299	785.793181	515.818196	764.188395	523.08	711.47	0	0	0	0	443.36	727.4	521.14	685.49
669.986398	800.880748	518.107775	763.953625	523.64	710.98	0	0	0	0	443.38	727.45	521.65	684.99
670.307555	812.933886	519.252565	764.188395	524.31	710.97	0	0	0	0	443.14	727.46	522.36	684.96
