"ToeTip_X"	"ToeTip_Y"	"KneeElbow_X"	"KneeElbow_Y"	"HipShoulder_X"	"HipShoulder_Y"	"AnkleWrist_X"	"AnkleWrist_Y"	"MetaPhalJoint_X"	"MetaPhalJoint_Y"	"dorsal1_X"	"dorsal1_Y"	"dorsal2_X"	"dorsal2_Y"
212.505908	927.049626	22.871253	866.751073	62.51808	792.361784	0	0	0	0	-47.160633	762.299233	54.315822	727.154549
213.135466	926.581016	22.853021	866.751073	62.971535	792.361784	0	0	0	0	-47.440633	761.899233	54.555924	727.154549
212.691129	926.372496	22.883408	865.806379	62.51808	792.361784	0	0	0	0	-47.690633	761.349233	54.315822	726.465708
212.505908	926.549626	22.043678	865.721086	62.51808	792.361784	0	0	0	0	-47.510633	761.319233	54.315822	725.776866
211.950245	926.903886	21.604635	865.850882	62.51808	792.361784	0	0	0	0	-47.200633	761.029233	54.335618	725.817638
210.968478	927.498058	20.50703	865.431018	61.971535	790.795431	0	0	0	0	-47.450633	760.909233	54.055924	725.817638
209.48671	929.206578	19.409424	864.801222	61.832721	789.707819	0	0	0	0	-47.480633	760.369233	53.796026	725.628797
208.060605	930.092229	18.750861	864.801222	61.832721	788.051426	0	0	0	0	-47.190633	759.799233	53.835618	724.858411
206.708396	931.509271	17.494692	863.621765	61.635024	786.449541	0	0	0	0	-47.020633	759.259233	54.315822	723.939955
204.411849	932.717791	16.567254	862.303886	62.239631	784.793148	0	0	0	0	-46.710633	758.659233	55.27623	722.562272
202.430082	933.957703	15.592705	860.905917	63.146541	783.058559	0	0	0	0	-45.710633	758.069233	55.996536	720.954975
199.787795	935.216102	14.60543	858.57597	63.855755	780.745773	0	0	0	0	-44.470633	757.569233	57.197045	719.577292
197.649229	936.238677	14.592705	856.867342	65.471879	779.011183	0	0	0	0	-42.910633	757.019233	58.397555	717.510767
195.332448	937.090823	15.10543	856.037394	66.878789	777.300282	0	0	0	0	-41.720633	756.329233	59.838167	715.90347
193.015667	938.283828	15.417554	854.241457	68.704126	775.67471	0	0	0	0	-39.230633	755.689233	61.51888	714.066559
190.164245	939.306403	17.392103	849.13486	71.126817	773.481195	0	0	0	0	-34.910633	753.599233	63.679798	712.000034
186.956395	940.840266	19.46187	844.963668	74.603277	770.558709	0	0	0	0	-31.720633	751.309233	66.435733	709.618385
184.817828	941.351553	21.50646	840.273785	78.579737	767.896777	0	0	0	0	-27.910633	748.149233	69.281386	707.259882
181.705095	942.947267	23.745773	837.711468	82.556197	764.072911	0	0	0	0	-24.130633	745.439233	72.316748	704.901379
177.703647	944.743261	26.082447	834.045778	87.327949	760.791254	0	0	0	0	-19.980633	742.319233	75.800662	701.772913
172.635146	946.784146	28.419121	831.066306	92.292639	756.608217	0	0	0	0	-14.360633	736.569233	79.715445	698.188717
169.433987	947.804588	31.703024	825.690206	96.359683	752.544903	0	0	0	0	-9.060633	731.399233	83.411517	694.071813
166.232828	949.069919	37.442111	819.897162	102.064703	747.208099	0	0	0	0	-3.870633	725.749233	88.793055	688.208427
165.264906	949.600583	44.870054	811.824	108.057273	741.570136	0	0	0	0	2.379367	717.739233	93.117464	681.146698
164.53167	949.845472	53.537384	803.836234	117.442809	732.491824	0	0	0	0	5.212584	709.498299	99.396984	671.811121
162.73138	950.600583	63.251577	795.804426	126.683021	723.105534	0	0	0	0	21.14571	698.035776	105.326354	663.159987
162.998143	950.100583	75.124479	787.337031	139.375284	714.725136	0	0	0	0	34.958538	689.873939	117.705274	656.086636
162.697854	950.355693	91.881213	779.763146	154.49662	708.166564	0	0	0	0	48.580725	684.61559	133.23431	650.585197
161.630801	951.376135	107.735305	775.416184	171.64199	703.701088	0	0	0	0	62.11	680.88	149.359688	644.774095
161.063748	952.396577	127.612077	773.605849	189.287359	698.828707	0	0	0	0	77.57	676.7	165.787181	638.962992
161.294074	952.259072	148.198733	774.511016	207.194745	695.185055	0	0	0	0	96.56	670.65	183.582751	633.15189
161.097473	952.56324	171.134287	776.986121	224.983139	695.049421	0	0	0	0	114.61	667.12	200.076206	630.001102
161.39078	952.422993	194.525157	779.831036	243.794968	695.581798	0	0	0	0	135.58	666.34	217.871776	628.586024
161.39078	952.422993	216.835503	784.055789	263.402116	700.768155	0	0	0	0	154.96	669.06	239.610879	631.118494
161.244127	953.124229	236.161648	789.200248	279.671878	708.545066	0	0	0	0	173.89	674.53	259.909079	635.825174
160.804167	952.983982	246.518248	792.701494	292.187079	714.731423	0	0	0	0	181.42	678.39	273.308179	640.271843
160.804167	953.404723	250.12781	791.628555	296.358813	715.130373	0	0	0	0	184.76	677.17	275.737548	639.478522
160.51086	953.825465	248.315203	791.486674	297.94468	715.428274	0	0	0	0	184.84	676.5	274.252683	639.031853
161.097473	953.965712	246.522055	791.224532	299.279026	715.827225	0	0	0	0	185.37	675.98	275.242593	639.085184
160.51086	953.825465	245.029669	790.843461	299.613373	716.029324	0	0	0	0	185.41	676.47	276.232503	638.61185
160.804167	953.965712	243.334237	790.46239	300.364893	715.928274	0	0	0	0	186.36	675.85	276.232503	639.11185
160.51086	953.965712	242.338044	789.771855	300.030546	715.231423	0	0	0	0	187.35	675.82	276.232503	638.638515
161.157513	953.965712	240.544897	789.509713	298.779026	715.029324	0	0	0	0	187.3	675.77	275.737548	639.585184
160.804167	954.10596	239.150227	788.819177	298.861853	714.332472	0	0	0	0	186.97	676.02	274.747638	639.11185
160.804167	954.10596	237.556318	788.175964	297.275986	714.332472	0	0	0	0	185.98	676.58	274.747638	639.585184
160.95082	953.965712	235.962409	787.985429	296.775986	714.332472	0	0	0	0	185.06	677.05	272.767818	639.585184
160.95082	954.246207	234.966216	787.485429	296.775986	714.034571	0	0	0	0	184.04	677.58	273.262773	640.531853
160.657513	954.246207	234.470023	787.104357	295.524466	714.034571	0	0	0	0	183.57	678.03	271.782953	640.558519
160.804167	954.246207	233.571546	786.723286	294.272946	713.534571	0	0	0	0	183.05	678.55	275.257728	639.585184
160.95082	953.965712	233.173069	786.913822	293.521426	713.23667	0	0	0	0	183.01	679.16	274.747638	639.11185
160.657513	954.386454	232.376114	786.532751	293.855773	713.135621	0	0	0	0	183.5	679.17	273.757728	639.11185
160.804167	954.386454	231.977637	785.770609	293.104252	712.83772	0	0	0	0	184	679.11	276.242593	638.665181
160.804167	954.10596	231.778399	785.699002	293.021426	712.33772	0	0	0	0	183.52	679.17	275.242593	639.11185
160.51086	954.386454	231.379921	784.93686	293.021426	712.73667	0	0	0	0	183.07	679.56	274.99	639.04
160.364207	954.666949	231.481444	784.93686	291.769906	711.938769	0	0	0	0	183	680.1	275	639.05
160.804167	954.807196	231.582967	783.674718	290.518386	711.539819	0	0	0	0	182.99	679.5	274.99	638.96
163.732233	945.884937	232.282206	783.222041	290.518386	711.140868	0	0	0	0	183.01	679.9	275.49	638.88
207.496137	877.584372	234.07916	781.84097	290.518386	710.741918	0	0	0	0	182.98	679.39	277.94	637.88
277.484811	820.614815	236.560125	781.316686	290.518386	710.741918	0	0	0	0	183.01	679.03	277	637.97
328.624259	810.518396	240.544897	781.697757	291.852732	712.039819	0	0	0	0	183.01	679.03	278.51	638.04
381.359911	823.826858	245.725101	783.412576	293.438599	712.039819	0	0	0	0	183.01	678.95	278.52	638.08
427.110713	839.153619	251.104543	785.127396	295.190119	713.23667	0	0	0	0	183.04	679.14	279.35	638.55
