"ToeTip_X"	"ToeTip_Y"	"KneeElbow_X"	"KneeElbow_Y"	"HipShoulder_X"	"HipShoulder_Y"	"AnkleWrist_X"	"AnkleWrist_Y"	"MetaPhalJoint_X"	"MetaPhalJoint_Y"	"dorsal1_X"	"dorsal1_Y"	"dorsal2_X"	"dorsal2_Y"
347.762977	460.781767	234.586272	468.012342	249.012323	518.692568	0	0	0	0	189.498166	552.48763	248.859282	552.261904
348.498516	465.131362	238.992052	466.908497	250.603365	518.843161	0	0	0	0	189.6	552.53	250.570735	552.397428
350.5	465.53	242.638669	466.525422	251.840843	518.843161	0	0	0	0	190.66	552.97	251.354325	552.21519
351.09	469.41	245.452813	466.304653	252.57832	518.843161	0	0	0	0	191.13	552.46	251.99612	552.579666
350.786405	469.874875	246.526121	465.583884	253.431885	518.843161	0	0	0	0	191.71	551.99	252.923984	552.397428
351.321206	469.620687	246.507794	466.025422	254.462232	518.843161	0	0	0	0	192.63	551.97	254.065779	551.897428
351.321206	468.357427	247.026121	465.363115	255.315797	518.993753	0	0	0	0	193.64	551.99	255.421505	552.079666
351.321206	467.383948	246.248631	465.363115	256.376492	518.843161	0	0	0	0	195.27	551.99	257.491164	552.079666
351.877029	467.620687	246.766958	465.142346	258.497881	518.843161	0	0	0	0	197.55	551.81	259.702617	551.944143
352.099117	467.883948	246.766958	465.421577	261.619271	518.891383	0	0	0	0	200.51	551.29	262.486207	552.079666
351.599117	467.383948	246.766958	465.642346	265.008485	518.240791	0	0	0	0	205.15	550.96	266.33202	551.668476
351.66	466.61	247.285285	466.583884	268.811958	517.283089	0	0	0	0	208.94	550.94	270.752448	551.621762
351.53	466.36	247.026121	467.791573	271.81726	516.030127	0	0	0	0	212.37	551.06	274.103218	551.121762
351.11	465.97	247.544449	467.791573	274.64578	515.475979	0	0	0	0	215.67	551.03	276.670398	551.075047
350.89	465.96	247.044449	469.395418	277.651081	514.921832	0	0	0	0	219.21	551.02	279.45151	550.710571
350.89	465.99	247.266958	470.278493	280.861839	514.791834	0	0	0	0	222.92	551.09	282.876895	550.710571
348.486269	467.963512	248.044449	472.706952	284.548937	514.735368	0	0	0	0	226.71	550.63	286.58587	550.528333
348.76418	468.200251	249.09943	475.076948	289.096335	514.735368	0	0	0	0	230.92	550.85	291.078435	550.346095
348.208357	468.200251	251.691065	478.609251	293.93812	514.463204	0	0	0	0	235.79	550.86	296.284931	550.163857
349.042091	467.726772	254.301027	480.979247	300.594183	514.147928	0	0	0	0	241.09	550.35	301.988949	549.846095
349.042091	467.490033	257.170153	483.30386	307.967096	513.963204	0	0	0	0	247.08	549.36	308.404421	549.663857
349.042091	467.253294	262.09426	486.173856	314.038907	513.039582	0	0	0	0	253.63	548.77	314.750234	549.617143
349.320003	467.726772	266.981713	488.323083	321.665517	510.826975	0	0	0	0	260.39	548.23	322.665706	549.434905
350.153737	467.963512	271.40582	490.589235	328.134069	509.905348	0	0	0	0	266.16	547.92	328.797587	549.38819
349.875826	467.726772	276.329927	492.517693	335.084182	509.604009	0	0	0	0	271.83	547.69	335.787674	549.070429
349.320003	467.253294	280.71738	494.459231	341.006637	509.091857	0	0	0	0	277.58	547.79	341.009688	548.716994
350.153737	467.253294	285.882323	496.933072	347.126491	508.091857	0	0	0	0	283.1	548.08	346.523257	548.866646
349.875826	467.490033	290.565593	498.699223	351.718685	508.158078	0	0	0	0	287.53	548.04	351.144969	548.366646
349.875826	467.490033	294.971373	500.023837	355.792441	507.790519	0	0	0	0	292.46	548.03	355.888288	547.968734
349.875826	467.726772	299.154644	501.406912	360.375416	507.212146	0	0	0	0	296.31	548.28	359.631607	548.118386
349.875826	467.253294	303.560424	502.569219	363.866731	507.396223	0	0	0	0	299.87	548.49	363.469498	548.268038
349.875826	467.016554	308.002858	503.231526	367.159786	507.663384	0	0	0	0	303.67	548.67	366.483068	548.118386
349.597914	467.490033	311.908638	504.173064	371.050527	507.930546	0	0	0	0	307.57	549.18	369.969602	548.567342
349.542091	467.490033	315.741109	505.101522	376.254892	508.331288	0	0	0	0	311.41	549.61	374.510207	549.016298
350.487472	468.200251	319.665216	505.926135	378.686593	508.60275	0	0	0	0	314.41	550.15	376.794027	548.965255
350.431649	467.963512	322.961034	506.867673	379.69475	508.886313	0	0	0	0	317.13	550.59	377.875134	549.465255
350.153737	466.963512	327.625977	508.02998	381.981458	509.10275	0	0	0	0	320.14	551.28	380.726491	549.465255
350.097914	466.753294	333.031757	508.913056	385.792637	509.319187	0	0	0	0	323.27	551.15	386.091417	549.563863
349.597914	466.726772	337.992518	509.5169	390.366052	508.669875	0	0	0	0	327.02	550.93	390.591521	549.264559
349.875826	465.990033	342.898298	509.5169	394.431311	508.237001	0	0	0	0	331.05	550.93	395.623321	549.041217
348.320003	466.043075	347.581569	509.575363	398.669075	507.737001	0	0	0	0	335.6	550.96	399.820684	548.866239
348.26418	464.622639	352.024003	509.413056	402.283276	507.087688	0	0	0	0	341.08	550.87	403.312639	548.366239
348.26418	464.622639	356.707273	508.809211	408.244576	506.995481	0	0	0	0	346.98	550.78	409.126229	548.166326
348.76418	463.622639	361.939404	507.836394	416.036152	507.154814	0	0	0	0	353.68	550.46	415.369638	547.841305
348.76418	463.64916	367.165023	507.041492	421.347331	507.154814	0	0	0	0	361.18	550.17	421.121093	547.81637
346.596711	461.728724	372.390643	505.769648	426.756439	507.004239	0	0	0	0	368.5	550.48	427.086002	547.491348
346.096711	461.045027	378.403701	504.601522	435.862442	506.789064	0	0	0	0	376.37	549.78	436.445638	547.491348
345.985066	459.887852	384.123625	503.997677	447.033745	506.572627	0	0	0	0	383.16	548.99	446.332319	547.616458
346.262977	458.677633	389.306896	503.452295	451.60716	506.221939	0	0	0	0	387.79	548.04	451.932455	547.641392
346.3188	458.704155	392.590992	503.238686	452.066374	506.371251	0	0	0	0	391.02	547.02	452.137865	546.94148
346.040888	458.177633	395.015172	503.427034	452.041902	506.737001	0	0	0	0	392.23	546.91	452.227046	546.591523
346.262977	455.283718	396.833308	503.615381	452.082688	506.438376	0	0	0	0	392.07	546.97	452.227046	547.241567
346.866582	450.330312	398.747413	504.647902	452.336767	505.654814	0	0	0	0	392.5	547.04	452.432455	547.041655
345.604201	444.236598	399.767563	505.729206	452.099003	505.572627	0	0	0	0	393.03	547.05	452.521637	547.041655
343.658646	439.576699	400.883683	506.433814	452.353082	505.639752	0	0	0	0	393.04	547.01	452.316228	547.391611
343.776541	410.266846	401.893759	506.105901	453.115318	504.624691	0	0	0	0	393.01	547	452.727046	547.391611
368.327808	394.011897	402.191744	504.819989	453.123475	504.475379	0	0	0	0	393	546.97	452.932455	546.866677
393.565602	382.984395	402.221527	502.567947	453.639789	504.893192	0	0	0	0	393.03	546.97	453.254092	547.216633
419.126021	379.355447	402.146258	499.444422	454.393868	505.85619	0	0	0	0	393.06	546.98	453.754092	547.416545
445.286543	379.204704	402.413283	494.197372	455.156104	507.371251	0	0	0	0	393.06	546.98	454.459501	547.591523
470.558397	383.789344	404.906117	489.480189	455.410182	507.587688	0	0	0	0	393.07	547.01	455.370319	547.44148
500.115337	394.60933	411.158811	480.852607	456.41834	508.953438	0	0	0	0	393.59	547.02	456.486546	547.791436
528.365204	413.200525	419.82907	470.081588	457.442812	509.60275	0	0	0	0	394.62	547.03	457.746046	547.81637
548.361426	435.019124	430.98709	462.691713	458.713205	509.886313	0	0	0	0	395.74	547.53	459.067683	547.991348
557.123815	448.799292	440.071667	459.344102	460.491755	509.819187	0	0	0	0	396.8	548.01	460.18391	547.81637
557.602341	453.632886	444.863955	457.852496	462.426851	509.975766	0	0	0	0	399.02433	548.118769	461.162564	547.906202
