"ToeTip_X"	"ToeTip_Y"	"KneeElbow_X"	"KneeElbow_Y"	"HipShoulder_X"	"HipShoulder_Y"	"AnkleWrist_X"	"AnkleWrist_Y"	"MetaPhalJoint_X"	"MetaPhalJoint_Y"	"dorsal1_X"	"dorsal1_Y"	"dorsal2_X"	"dorsal2_Y"
391.748322	680.484408	273.061678	686.01707	280.672188	735.749927	0	0	0	0	223.24	767.22	278.700011	771.497605
391.421585	680.821353	272.595293	685.716687	282.012801	736.235615	0	0	0	0	224.88	767.28	280.882886	771.497605
390.708748	680.819186	272.628908	685.315537	284.531909	736.706991	0	0	0	0	228	767.61	283.403725	771.661056
390.362223	681.151797	272.628908	685.515153	288.045558	737.206991	0	0	0	0	232.9	768.76	287.29726	771.651412
389.649387	681.321353	273.217139	685.11592	292.905278	737.516471	0	0	0	0	239.09	768.88	292.387563	771.670701
388.976125	680.988742	274.927217	686.566495	299.613801	737.206991	0	0	0	0	245.78	768.43	298.808884	771.343797
388.456338	680.651797	276.75914	688.870713	306.478981	736.883199	0	0	0	0	253.09	767.39	305.940865	770.680346
387.783075	680.151797	280.246525	693.925888	314.344161	736.573719	0	0	0	0	260.69	766.72	314.017275	770.872731
387.416764	679.817019	284.721296	699.180681	320.72572	736.102343	0	0	0	0	269.77	766.8	321.452489	770.718924
387.609813	678.980074	290.50699	704.488732	330.273361	735.506421	0	0	0	0	279.47	767.06	331.000237	771.433177
387.436551	678.810517	297.624607	709.89755	343.235621	734.293465	0	0	0	0	289.1	767.35	343.206446	772.282174
387.243501	678.643128	306.29684	714.302534	353.154884	734.506421	0	0	0	0	299.18	767.42	353.32428	772.829165
387.590026	678.475739	314.124133	717.444693	365.719284	733.867553	0	0	0	0	309.62	767.46	365.688806	773.225153
387.416764	678.643128	324.04566	721.371511	376.901972	734.293465	0	0	0	0	319.9	767.62	376.397219	773.876156
387.763288	678.30835	333.1342	724.500765	387.746382	734.495148	0	0	0	0	329.72	768.95	386.16896	773.876156
387.763288	678.140961	342.98038	726.927584	397.722225	734.495148	0	0	0	0	339.28	770.16	394.282225	774.350482
387.609813	677.473572	352.144268	728.598311	406.054465	735.549612	0	0	0	0	347.9	770.99	402.8162	774.850482
388.263288	677.304016	360.756645	730.521113	414.4213	736.982291	0	0	0	0	356.54	772.27	411.589378	775.504289
388.109813	677.136627	371.874748	733.119794	423.144533	739.313987	0	0	0	0	365.53	773.71	419.876448	776.985
388.109813	676.469238	382.454879	735.718476	431.706865	742.078362	0	0	0	0	374.54	775.95	427.710083	779.251644
388.956338	674.967071	391.318234	737.908686	439.791021	744.596233	0	0	0	0	384.02	778.65	435.683113	781.009153
389.342436	673.791013	403.102107	740.074164	448.133522	746.786058	0	0	0	0	393.43	781.33	444.010703	784.223938
388.976125	672.451901	413.935795	741.872759	457.17123	750.148338	0	0	0	0	402.88	783.63	453.864051	786.533474
389.149387	671.445399	424.82988	740.806957	467.36762	752.441554	0	0	0	0	412.51	785.77	464.578285	787.890576
389.149387	670.106287	432.000671	739.87438	476.405329	752.441554	0	0	0	0	421.2	786.49	474.85975	788.492071
388.802862	668.769342	436.551365	739.275677	483.820885	751.544946	0	0	0	0	427.32	786.07	483.221536	788.467991
388.802862	668.265008	440.550459	738.009227	489.614288	749.975882	0	0	0	0	431.46	785.35	489.86135	788.249422
388.6296	667.595451	443.446355	737.07665	492.858593	749.803426	0	0	0	0	434.05	784.88	492.854867	788.093136
388.802862	667.428062	446.480151	736.043749	493.102899	749.958514	0	0	0	0	435.51	785.3	493.016442	788.124277
388.6296	667.762841	447.134949	736.477947	493.334635	749.734362	0	0	0	0	436.59	785.52	493.385423	788.624277
388.6296	667.595451	447.30755	737.343101	493.102899	749.958514	0	0	0	0	436.93	786.43	493.531719	788.905708
387.936551	668.258506	446.342251	738.142452	493.298107	749.682666	0	0	0	0	437.12	786.08	493.546997	788.43685
388.109813	668.593284	445.376953	739.208254	493.298107	750.01021	0	0	0	0	437.13	785.84	493.546997	788.905708
388.283075	668.258506	444.549554	740.274056	493.26158	750.01021	0	0	0	0	437.15	785.81	493.708571	788.593136
389.936551	666.247671	444.825353	740.274056	493.26158	750.01021	0	0	0	0	437.11	786.07	493.870145	788.593136
391.688961	659.55861	446.255951	739.208254	493.26158	750.01021	0	0	0	0	437.04	786.38	494.031719	788.43685
399.17693	651.49554	447.359149	738.675353	493.285731	749.967676	0	0	0	0	436.95	786.37	493.870145	788.593136
417.98773	644.719848	448.272849	738.009227	493.466367	749.666572	0	0	0	0	436.91	786.88	493.546997	789.061995
433.28095	638.908813	449.513947	737.343101	493.466367	750.317124	0	0	0	0	437.02	787.29	494.031719	788.749422
445.149104	634.285684	450.617146	736.777299	494.827638	750.991848	0	0	0	0	437.01	787.65	495.001164	788.905708
457.056483	631.547461	451.582444	736.144073	496.68891	751.1424	0	0	0	0	437.04	787.99	495.95533	789.030853
468.478026	629.118912	452.082444	735.611172	497.050181	751.1424	0	0	0	0	437.02	787.84	496.940052	789.061995
477.744891	628.47601	452.547743	734.678596	497.911452	751.292952	0	0	0	0	437.01	787.9	497.101626	788.905708
487.723086	629.071173	453.237242	733.746019	498.18891	751.190743	0	0	0	0	436.99	787.98	497.586349	788.905708
498.264457	630.523591	453.926741	732.413767	498.008274	751.214915	0	0	0	0	437.01	788.09	497.747923	788.905708
507.136988	632.237944	454.75414	730.315064	498.230817	751.389639	0	0	0	0	437.04	788.11	497.732645	788.905708
516.206686	633.952298	455.943639	727.517333	498.050181	751.088535	0	0	0	0	437.04	788.1	497.586349	788.905708
525.628428	636.584736	458.201636	723.487675	498.621027	750.90428	0	0	0	0	437.02	788.04	498.071071	789.093136
533.312913	637.772575	459.739085	721.90754	498.754681	750.90428	0	0	0	0	437	787.99	497.909497	789.061995
541.304778	639.405854	461.888912	719.207503	499.15564	750.792117	0	0	0	0	437.02	787.86	497.909497	789.061995
549.450333	642.523932	463.823756	717.130551	499.422947	750.921397	0	0	0	0	437.03	787.88	497.909497	788.905708
555.444232	645.938969	465.2586	715.345905	499.5566	750.921397	0	0	0	0	437.53	787.93	497.747923	789.061995
561.284441	648.354007	467.408427	713.268953	499.690254	751.050676	0	0	0	0	438.04	788	497.424775	788.749422
566.395132	650.972084	469.203202	711.938173	499.823907	751.567792	0	0	0	0	438.09	788	497.2632	789.061995
568.046788	653.066004	470.84815	710.899697	500.091214	751.826351	0	0	0	0	438.03	788.03	497.424775	788.749422
569.122616	654.253843	471.778116	710.276612	500.625827	752.214188	0	0	0	0	438.01	787.97	497.586349	788.43685
571.120582	654.684082	472.782994	709.238136	500.85852	752.748422	0	0	0	0	438.02	787.97	498.409497	788.905708
573.811169	655.535602	473.427942	708.615051	501.455545	753.108739	0	0	0	0	438.02	787.94	499.409497	789.218281
574.962825	656.629521	474.072891	708.407355	501.828706	752.972747	0	0	0	0	438.01	787.9	499.394219	789.218281
574.962825	657.520401	474.072891	708.19966	502.229666	753.102026	0	0	0	0	438.04	787.93	500.217367	789.374567
573.425928	659.2628	474.357908	708.19966	502.665239	752.860584	0	0	0	0	438.02	787.92	500.525237	789.530853
571.427962	659.599119	473.642925	708.615051	502.76428	752.972747	0	0	0	0	438.01	787.94	501.610422	789.343425
