"ToeTip_X"	"ToeTip_Y"	"KneeElbow_X"	"KneeElbow_Y"	"HipShoulder_X"	"HipShoulder_Y"	"AnkleWrist_X"	"AnkleWrist_Y"	"MetaPhalJoint_X"	"MetaPhalJoint_Y"	"dorsal1_X"	"dorsal1_Y"	"dorsal2_X"	"dorsal2_Y"
238.928845	896.073236	39.038678	795.166359	59.981653	725.729923	0	0	0	0	8.077275	693.354378	58.077714	677.016525
238.928845	896.456326	38.702835	794.448875	60.192856	725.386908	0	0	0	0	8.077275	693.737468	58.346925	676.359199
237.494295	897.605596	39.038678	794.090134	61.156218	725.043893	0	0	0	0	6.642725	694.886738	58.63	675.94
235.701107	897.988686	39.374522	794.448875	65.009662	723.671833	0	0	0	0	4.849537	695.269828	61.54	675.03
234.766557	898.371777	40.382052	794.448875	69.826467	722.142789	0	0	0	0	3.914987	695.652919	65.59	674.1
233.549281	899.137957	40.717896	794.090134	76.822152	719.956759	0	0	0	0	2.697711	696.419099	72.45	672.9
232.832006	899.637957	43.06127	792.296424	84.776883	717.898669	0	0	0	0	1.980436	696.919099	79.97	671.46
231.756094	900.021047	46.427236	790.502714	93.126013	715.997565	0	0	0	0	6.32041	695.466525	89.15	669.12
230.680181	901.553408	49.285671	788.49152	103.544105	713.567415	0	0	0	0	11.625588	692.886881	99.92	666.44
229.604268	902.202678	53.144106	785.121585	113.177716	711.323296	0	0	0	0	19.340331	690.52777	109.42	663.56
228.886993	904.7674	59.18929	779.522972	126.380289	708.893147	0	0	0	0	25.705627	687.041591	121	659.4
227.81108	905.15049	68.421222	771.630649	136.619502	705.276967	0	0	0	0	34.964238	682.102837	131.4	654.81
226.441979	906.2674	77.996528	763.238326	143.68415	702.404908	0	0	0	0	43.28	677.81	138.79	651.31
226.159254	906.41667	88.407677	756.78097	157.492325	697.416669	0	0	0	0	59.02	673.55	151.69	647.01
225.93	906.31	101.169731	751.041099	171.621621	693.30049	0	0	0	0	73.74	670.63	164.9	643.89
225.97	906.67	113.595942	746.736196	186.072037	689.899385	0	0	0	0	90.61	666.5	181.53	640.6
225.98	907.06	126.357996	742.790034	198.595731	686.969236	0	0	0	0	103.88	663.82	194.38	637.91
226	907.02	137.440832	739.561357	208.871582	684.539087	0	0	0	0	115.98	661.15	206.12	634.48
226	907.07	148.417389	737.470023	220.475044	682.160112	0	0	0	0	127.17	658.21	216.4	632.23
225.99	907.13	159.035352	735.997047	231.695077	679.40667	0	0	0	0	138.01	655.3	228.57	629.84
225.97	907.57	170.48069	734.965964	241.571103	677.652462	0	0	0	0	148.85	652.36	238.992205	627.038241
225.98	908.05	180.783974	733.862601	250.478328	675.899784	0	0	0	0	159.77	650.15	248.685446	624.810134
226.09	908.25	194.383774	732.588297	260.323156	673.145577	0	0	0	0	170.96	647.9	257.028995	622.844157
225.44	908.23	208.222168	732.078576	272.698672	670.196371	0	0	0	0	182.18	645.63	270.336057	618.969782
224.72	908.2	223.014934	732.078576	286.44274	668.229033	0	0	0	0	193.57	644.4	285.360242	615.51839
224.25	908.11	238.762072	733.60774	302.071783	666.995363	0	0	0	0	206.99	642.96	300.407303	613.478475
223.84	908.55	255.942088	735.832783	316.585802	668.406587	0	0	0	0	221.03	643.73	316.036396	614.193734
223.55	909	271.718618	740.411597	329.404996	672.986156	0	0	0	0	235.84	646.44	329.538151	617.422614
223.57	909.03	286.991149	746.610856	344.034039	678.74328	0	0	0	0	250.71	650.77	344.644463	623.880373
223.03	909.24	301.261301	753.130775	357.508158	686.145296	0	0	0	0	265.71	656.17	357.332549	630.914426
222.54	909.13	310.868939	756.076514	369.057403	688.201411	0	0	0	0	277.78	659.11	368.632786	634.428047
221.56	909.09	316.422757	755.671197	375.217	688.201411	0	0	0	0	285.7	658.38	374.275311	635.073823
221.62	910.32	320.287442	753.948327	379.451723	687.790188	0	0	0	0	290.49	657.46	377.49961	634.212788
221.27	911.33	320.882009	753.313222	380.991622	687.790188	0	0	0	0	291.27	657.61	379.514798	634.428047
219.01	911	320.882009	752.678116	381.261572	688.201411	0	0	0	0	291.05	657.56	379.917835	634.858564
214.67	911.7	320.247869	751.544961	380.560667	687.712907	0	0	0	0	291.48	657.45	379.514798	634.212788
189.292007	878.43216	319.987174	750.988021	380.763452	687.712907	0	0	0	0	291.54	657.5	379.514798	634.428047
203.207581	855.781701	320.269259	749.817201	380.763452	687.712907	0	0	0	0	292.02	657.52	379.313279	634.428047
225.416819	846.455442	320.79065	748.981792	380.763452	687.712907	0	0	0	0	292.07	658.09	379.514798	633.99753
246.529793	840.66214	321.572735	748.703322	381.466237	687.496295	0	0	0	0	292.06	658.76	379.313279	634.428047
266.480586	835.696453	322.072735	748.760262	380.966237	687.712907	0	0	0	0	292.04	659.24	379.514798	634.212788
285.421714	831.265329	323.636907	748.760262	382.169022	688.563073	0	0	0	0	292.04	659.7	380.716316	634.643306
317.023211	829.543077	325.201078	749.038732	383.385733	688.579352	0	0	0	0	292.05	660.16	381.529985	634.928047
352.708599	828.373626	326.765249	749.595671	383.805228	689.229186	0	0	0	0	292.54	660.65	382.33606	635.289082
383.023427	831.552202	327.80803	750.152611	384.008013	689.662409	0	0	0	0	293.03	661.12	383.142135	635.573823
416.127963	834.333457	330.154287	750.652611	384.819154	689.87902	0	0	0	0	293.08	661.64	383.746691	635.643306
451.871208	829.939777	333.021935	751.82343	385.426347	690.770225	0	0	0	0	293.03	662.1	384.552766	635.50434
479.943237	824.942105	337.975144	752.93731	386.17571	691.125983	0	0	0	0	293.04	662.08	385.157322	635.50434
507.383583	820.446822	343.710439	753.49425	387.008335	691.125983	0	0	0	0	293.03	662.07	385.157322	635.073823
536.622918	820.804775	350.74921	754.27272	388.091173	690.859164	0	0	0	0	293.01	662.07	385.761879	635.073823
554.929285	832.211583	357.787981	754.608129	388.340535	690.503406	0	0	0	0	293.03	662.05	385.963397	634.643306
560.716975	846.770235	364.566057	755.443539	389.031757	690.513015	0	0	0	0	293.03	662.52	386.164916	634.428047
562.145547	847.024564	369.258571	755.722009	389.031757	690.158231	0	0	0	0	286.03	663.03	386.567954	634.212788
