"ToeTip_X"	"ToeTip_Y"	"KneeElbow_X"	"KneeElbow_Y"	"HipShoulder_X"	"HipShoulder_Y"	"AnkleWrist_X"	"AnkleWrist_Y"	"MetaPhalJoint_X"	"MetaPhalJoint_Y"	"dorsal1_X"	"dorsal1_Y"	"dorsal2_X"	"dorsal2_Y"
376.869526	660.408976	252.292602	595.423669	288.13396	547.09004	0	0	0	0	220.834335	540.745142	287.343747	518.68123
376.94	660.24	252.107576	594.1433	289.033875	546.09004	0	0	0	0	222.96	540.66	289.08	518.18
376.72	660.92	252.336081	592.64915	292.650357	544.61109	0	0	0	0	225.99	540.07	291.99	517
376.9	661.7	255.535151	590.087749	297.633535	542.63214	0	0	0	0	230.66	538.78	296.23	515.42
376.97	662.7	258.277211	588.380149	303.149933	540.8574	0	0	0	0	236.98	536.94	300.98	513.76
376.97	662.63	263.30432	586.245649	310.93294	537.899499	0	0	0	0	242.59	534.47	307.68	511.88
377.01	662.5	267.874419	583.111148	318.849253	533.462649	0	0	0	0	250.24	531.68	314.89	508.98
377.1	662.19	273.358538	578.561447	328.165481	527.546849	0	0	0	0	256.58	528.51	322.2	505.08
377.12	662.28	279.528173	574.078997	336.848404	523.201578	0	0	0	0	263.75	524.95	329.43	500.88
376.68	662.13	287.068836	568.956196	345.898022	518.673148	0	0	0	0	271.98	521.05	337.06	496.91
376.42	662.33	295.06651	565.540995	351.597767	516.398408	0	0	0	0	280.13	516.75	342.66	494.62
375.755082	662.520973	301.921659	561.698895	358.884684	513.375499	0	0	0	0	288.1	512.87	349.63	491.75
375.3836	662.155862	310.604848	557.856794	366.094384	509.220643	0	0	0	0	295.91	509.43	357.38	488.2
375.498044	661.655862	317.602522	555.508843	373.897137	506.396759	0	0	0	0	303.71	506.11	365.14	484.95
375.140638	662.290751	324.643186	553.087793	379.079897	505.361243	0	0	0	0	309.6	504.4	370.48	482.99
375.360179	662.117743	331.26983	552.874343	384.401896	504.39893	0	0	0	0	316.15	503.12	376.32	480.45
375.112524	662.117743	338.353484	551.947443	390.79063	503.3236	0	0	0	0	322.16	501.93	383.01	478.25
375.112524	662.361151	344.523118	550.526393	395.91	502.25	0	0	0	0	327.9	500.19	389.18	476.44
375.855487	662.361151	350.19955	550.168341	401.4	501.46	0	0	0	0	333.8	498.28	393.83	475.07
375.607833	662.847966	356.477058	548.168923	405.87	499.98	0	0	0	0	339.62	496.94	398.96	473.73
375.112524	662.847966	361.540585	546.96962	411.68	497.87	0	0	0	0	344.85	495.5	405.08	471.26
374.86487	662.604558	367.248184	546.069853	415.71	496.03	0	0	0	0	349.8	494.16	410.23	468.92
375.607833	662.604558	372.454438	542.398805	419.58	495.13	0	0	0	0	354.69	492.12	414.22	466.94
375.360179	662.847966	376.850311	541.767074	423.1	493.85	0	0	0	0	359.8	490.23	418.05	465.43
375.360179	662.604558	381.40804	542.58294	427.18	492.97	0	0	0	0	364.8	488.66	422.03	464.4
374.86487	662.847966	386.318344	541.767074	431.58	492.12	0	0	0	0	369.95	487.55	427.366103	463.020685
374.369562	663.091373	391.390505	541.135343	437.46	491.93	0	0	0	0	375.04	487.08	433.648242	462.728431
373.626599	663.578188	398.153387	540.187746	443.48	491.54	0	0	0	0	380.24	487.16	439.721716	462.728431
373.13129	663.821596	404.916268	539.556015	450.45	493.06	0	0	0	0	385.35	488.03	446.691278	463.937501
373.874253	663.821596	414.384302	539.87188	458.16	495.78	0	0	0	0	390.61	490.67	454.556925	465.890614
373.378945	665.038633	424.190479	539.556015	466.2	498.07	0	0	0	0	396.17	491.99	462.123877	468.308753
375.112524	665.038633	430.291505	540.635343	473.030135	499.579824	0	0	0	0	402.04	493.45	469.093439	469.238807
373.626599	665.038633	435.716242	541.898805	480.26	499.52	0	0	0	0	408.1	493.87	475.465609	469.517823
372.635982	665.282041	440.773971	541.58294	484.913957	499.239448	0	0	0	0	413.59	494.15	480.666032	469.595545
370.407094	666.25567	442.126547	541.58294	487.099248	499.026576	0	0	0	0	418.27	493.39	482.711008	469.503791
368.42586	666.012263	441.435827	542.398805	488.127184	498.2642	0	0	0	0	419.317	493.290043	483.318108	469.136777
366.444626	665.282041	441.097683	542.08294	487.784538	498.45232	0	0	0	0	419.12	492.99	483.514558	468.769763
365.454009	665.525448	440.759539	540.819477	487.722775	497.427568	0	0	0	0	418.98	493.01	483.121658	468.861516
364.215738	665.525448	441.773971	540.503612	488.02	497.06	0	0	0	0	419.04	493.14	483.121658	469.136777
363.472775	665.768855	441.435827	540.503612	488.06	497.09	0	0	0	0	419.03	493.62	483.023433	469.320284
362.234504	665.525448	442.450259	540.187746	488.02	498.06	0	0	0	0	418.99	494.04	483.318108	469.22853
361.739195	665.282041	442.788403	540.187746	488.04	498.17	0	0	0	0	418.99	494	483.12	468.98
361.986849	666.012263	442.450259	540.187746	488.06	497.99	0	0	0	0	419	494	483.01	469
361.986849	665.038633	442.112115	540.503612	488.52	498.5	0	0	0	0	419.03	494.03	483.64	468.99
365.949317	663.821596	441.935827	540.687746	488.51	499	0	0	0	0	419.02	494.1	483.51	469.06
372.878382	658.212982	442.73	540.48	488.49	499	0	0	0	0	419.02	494.58	483.52	469.04
384.619028	645.391519	443	540.15	488.52	499	0	0	0	0	419.52	495.05	483.5	469.52
396.359674	635.390777	443.27	540.49	488.54	499.02	0	0	0	0	420.03	495.06	483.4	470.04
410.448449	629.492904	443.4	540.63	488.52	499.03	0	0	0	0	419.76	495.03	483.5	470.04
423.928191	626.928611	442.82	541.07	488.52	499.02	0	0	0	0	420.01	495.07	483.52	470.03
433.842514	623.85146	443.05	540.5	488.52	499.03	0	0	0	0	420.02	495.07	483.51	470.02
442.256837	622.825743	443.32	540.31	488.52	499.01	0	0	0	0	420	495.04	483.51	470.02
447.779418	623.082172	443.22	539.63	488.49	499.51	0	0	0	0	420.01	495.04	483.5	470.01
451.366644	623.595031	443.1	540.05	488.51	500.02	0	0	0	0	420.01	495.59	483.38	470.57
454.280193	625.133607	443.56	540.12	489.02	499.65	0	0	0	0	420.03	495.58	483.02	471.04
455.323806	625.646465	443.55	540.03	489.03	499.93	0	0	0	0	420.02	496.06	483.51	471.04
457.150128	627.697899	443.54	540.51	489.01	500.02	0	0	0	0	420.02	496.04	483.51	471.02
457.671935	629.467187	443.53	541.04	489	500.01	0	0	0	0	420.01	496.07	483.52	471.03
459.759161	631.518621	443.53	541.1	489.03	500.03	0	0	0	0	420.03	496.09	483.5	471.05
461.32458	634.313626	443.03	541.08	489.03	500.02	0	0	0	0	420.02	496.6	483.4	471.07
463.150903	635.634348	443.02	541.06	489.02	500.04	0	0	0	0	420.03	496.59	483.01	471.05
463.672709	636.903636	443.02	541.04	489.02	500	0	0	0	0	420.01	496.56	483.01	471.02
464.716322	638.224358	443.02	541.04	489.01	500.01	0	0	0	0	420.02	496.55	483.01	471.02
