"ToeTip_X"	"ToeTip_Y"	"KneeElbow_X"	"KneeElbow_Y"	"HipShoulder_X"	"HipShoulder_Y"	"AnkleWrist_X"	"AnkleWrist_Y"	"MetaPhalJoint_X"	"MetaPhalJoint_Y"	"dorsal1_X"	"dorsal1_Y"	"dorsal2_X"	"dorsal2_Y"
432.191702	374.087574	305.739908	378.18088	316.474595	434.521188	0	0	0	0	255.266063	479.878551	317.781304	469.123208
432.427472	373.165783	305.583383	377.415922	317.161462	434.155889	0	0	0	0	255.06	478.99	318.56	468.97
431.720162	372.704887	305.270333	376.956947	317.782668	434.473239	0	0	0	0	255.18	478.96	319.65	468.96
431.484393	372.052648	305.426858	377.26293	319.651345	434.338538	0	0	0	0	256.7	477.99	321.02	468.85
431.248623	370.900409	305.739908	378.027888	322.020022	434.29059	0	0	0	0	260	477.59	323.14	469
430.777083	368.709066	306.366008	378.792846	325.444244	433.973239	0	0	0	0	263.91	477.07	327.04	468.8
430.305543	369.556827	307.461682	380.322762	330.176539	433.559992	0	0	0	0	269.31	476.2	331.02	468.37
429.362463	368.17414	309.496506	383.42362	337.828868	433.02937	0	0	0	0	274.77	475.32	337.802705	467.723174
427.947843	367.252348	311.061755	388.013368	343.832364	432.653623	0	0	0	0	281.72	474.91	343.880122	467.36316
426.533224	364.717422	312.783529	393.215083	350.219062	433.777278	0	0	0	0	288.82	475.25	350.352555	468.223174
425.354374	363.334735	316.414027	399.681756	357.755365	434.776082	0	0	0	0	296.13	476.05	356.936259	469.304063
424.647064	362.604288	320.609774	405.566378	366.734741	436.097098	0	0	0	0	303.89	477.51	365.703674	470.369567
423.939754	362.182496	326.244671	410.921085	374.283965	436.45436	0	0	0	0	312.68	479.27	374.197831	471.757488
423.745444	362.429185	333.114537	415.422321	383.419146	436.048497	0	0	0	0	321.43	479.91	383.190527	472.888498
423.032484	362.887219	340.252087	417.568915	393.609241	433.714041	0	0	0	0	330.21	480	394.09165	472.322993
422.706994	363.290051	347.389636	419.536626	400.305391	431.989875	0	0	0	0	338.79	479.42	401.722436	472.000577
422.626159	363.479292	353.929101	420.967689	408.013391	430.022041	0	0	0	0	346.82	478.37	409.148908	471.404403
423.513383	362.979292	361.115693	421.504338	415.197976	428.03236	0	0	0	0	354.25	476.72	415.481572	471.189453
422.819771	363.411568	368.436257	421.146572	421.435697	426.184421	0	0	0	0	360.87	475.14	422.334952	470.834303
423.175524	362.452048	375.390792	420.609923	428.259843	424.913267	0	0	0	0	367.81	473.83	429.396698	470.334303
423.939754	360.569361	381.247243	420.431041	435.476292	424.195098	0	0	0	0	374.78	473.3	435.750078	469.479153
424.126159	358.911568	388.933835	420.252158	442.551198	423.774158	0	0	0	0	381.81	473.14	441.291108	468.338953
424.28783	358.437499	395.970225	421.031222	447.788476	424.299799	0	0	0	0	388.98	473.38	446.63697	467.656931
424.255889	357.748257	405.409544	420.988806	454.817739	425.35215	0	0	0	0	396.2	473.55	453.781983	467.799456
423.836725	356.315982	415.326308	420.647796	461.631671	426.088795	0	0	0	0	403.78	474.42	460.801895	467.869556
423.562277	356.234326	424.944822	420.854002	470.235954	426.759555	0	0	0	0	412.53	474.76	469.592725	467.799456
423.481442	355.977361	435.248638	420.234751	477.956959	427.57985	0	0	0	0	421.45	475.63	477.654471	468.227031
423.675054	356.045085	446.802306	419.44227	488.363532	429.056381	0	0	0	0	430.6	476.51	487.736532	468.369556
423.400606	356.045085	454.720928	419.149788	498.074882	428.988833	0	0	0	0	440.38	477.67	497.277161	468.227031
423.400606	355.477361	463.842245	418.555427	508.2871	427.729547	0	0	0	0	449.21	478.61	507.984322	468.084506
423.175054	355.477361	470.139299	419.244149	515.242455	426.77173	0	0	0	0	456.34	478.12	515.438145	467.625931
422.99	354.96	473.101968	420.698187	521.631647	425.94704	0	0	0	0	461.23	477.38	522.324443	466.709788
423.1	354.98	474.14249	421.122749	521.635935	426.472506	0	0	0	0	463.83	476.18	523.175949	466.987217
423.01	355.01	474.101968	422.556836	521.405509	426.585119	0	0	0	0	464.91	475	523.601703	466.709788
422.69	354.77	474.351945	424.909054	521.635935	426.310344	0	0	0	0	465.03	473.81	523.459785	466.293646
418.690328	350.565642	474.132539	425.123507	521.599017	426.422956	0	0	0	0	464.99	473.93	523.317867	466.43236
400.014194	342.765971	473.571351	424.1946	520.599017	426.810344	0	0	0	0	464.97	473.5	523.175949	466.348502
412.858567	324.849949	473.290758	422.622333	520.368591	427.260793	0	0	0	0	464.51	473.55	522.892114	466.987217
426.768994	311.944871	472.448976	419.977797	519.944573	427.113339	0	0	0	0	465.04	474.06	522.608279	467.264645
437.011915	305.144105	473.72957	418.476623	519.75015	427.873472	0	0	0	0	465.01	474.05	522.966361	467.403359
449.329293	299.78698	474.657882	418.118809	519.861306	428.323639	0	0	0	0	465.01	474.54	522.824443	467.403359
465.575359	294.867509	475.060851	417.40318	520.472462	428.893739	0	0	0	0	465.01	475.01	522.824443	467.680787
482.259403	291.236499	475.999664	415.329738	521.083618	429.653872	0	0	0	0	465.52	474.97	522.824443	467.680787
501.670188	288.658374	477.316101	413.257471	521.111507	430.393739	0	0	0	0	465.52	474.95	522.540608	467.680787
521.822861	287.544079	479.264058	409.565598	521.212	430.062591	0	0	0	0	466.01	474.47	522.682525	467.542073
541.587551	290.139106	481.155887	405.423992	521.327213	430.675203	0	0	0	0	465.51	474.01	522.824443	467.819502
561.251015	295.085343	483.723368	400.8483	521.827213	430.850877	0	0	0	0	466	474.05	522.256772	468.09693
583.40065	305.130778	487.264479	395.203172	522.389196	431.124306	0	0	0	0	466.01	474.02	522.540608	468.374358
601.596451	317.686683	490.963408	389.364653	522.861306	431.314339	0	0	0	0	466.01	474	522.824443	468.790501
617.547335	330.122843	496.585781	384.869196	523.444573	431.814339	0	0	0	0	466	474.01	522.824443	468.513072
628.944925	341.201041	501.690303	381.073801	523.944573	432.314339	0	0	0	0	466.02	474.01	523.324443	469.067929
633.622947	347.583769	506.216852	378.124108	524.138995	432.504373	0	0	0	0	466.04	474.04	523.466361	469.345357
634.382934	349.011926	509.025408	376.672969	524.333417	432.314339	0	0	0	0	466.04	474.04	524.237045	469.2615
