"ToeTip_X"	"ToeTip_Y"	"KneeElbow_X"	"KneeElbow_Y"	"HipShoulder_X"	"HipShoulder_Y"	"AnkleWrist_X"	"AnkleWrist_Y"	"MetaPhalJoint_X"	"MetaPhalJoint_Y"	"dorsal1_X"	"dorsal1_Y"	"dorsal2_X"	"dorsal2_Y"
341.800501	725.61712	160.927874	688.425806	165.49125	634.891302	0	0	0	0	66.840077	640.505974	147.711921	596.735342
341.95	726.28	160.473331	688.425806	166.112198	634.600152	0	0	0	0	68.03	639.32	148.5	596.36
341.4	726.68	160.473331	688.839027	166.817867	634.600152	0	0	0	0	69.52	638.29	149.156365	596.031945
340.87	727.12	159.564245	688.839027	167.523536	634.172474	0	0	0	0	70.48	636.78	150.530101	594.828548
340.09	727.4	159.564245	688.012585	169.170097	633.317117	0	0	0	0	71.99	635.58	151.403838	593.881808
339.1	728.07	158.155159	687.599364	170.610989	632.1756	0	0	0	0	73.99	633.81	152.812928	592.895123
338.1	728.28	157.200616	686.359702	171.992773	631.106405	0	0	0	0	76.02	632.2	154.009898	591.908438
337.02	728.85	156.217081	684.250138	174.315448	629.395692	0	0	0	0	78.52	630.45	155.651312	590.691726
336	729.39	156.217081	682.524808	177.197232	627.043463	0	0	0	0	82.06	628.13	157.025771	589.724622
334.93	730.2	156.217081	680.089047	180.255131	624.905072	0	0	0	0	85.56	625.61	158.655934	588.21668
331.99	731.83	156.440359	675.826466	183.548252	621.483647	0	0	0	0	90.5	622.58	159.768739	587.367826
329	733.85	156.775277	672.477295	187.31182	618.203739	0	0	0	0	94.48	618.65	161.381545	585.170117
324.45	736.59	157.959487	668.966361	191.751503	614.28544	0	0	0	0	98.99	615.16	165.7037	581.635194
320.16	739.04	160.641849	664.455116	197.191185	610.364015	0	0	0	0	103.02	611.55	170.042115	577.914203
318.38	740.86	163.458329	659.334243	201.86609	605.304199	0	0	0	0	108.05	607.65	175.34801	572.867639
315.41	742.74	167.079518	653.603742	209.158003	599.102866	0	0	0	0	114.51	601.71	182.02484	567.135007
312.94	744.34	172.108736	647.510344	216.509023	591.687694	0	0	0	0	121.01	595.76	190.556345	559.716307
310.35	745.16	178.634236	640.477059	224.006604	584.417166	0	0	0	0	129.02	588.93	200.200655	552.63482
308.23	745.63	185.373081	633.951308	231.504185	578.146638	0	0	0	0	137.06	582.57	209.701832	546.035094
306.21	746.19	193.589566	626.058973	240.476257	570.983098	0	0	0	0	145.56	575.82	219.882238	539.392677
304.24	746.15	203.201303	619.294114	249.228841	565.113376	0	0	0	0	152.766603	569.931987	231.888897	532.451016
304.18	746.13	210.259844	614.658682	259.696721	558.393924	0	0	0	0	161.06	564.81	241.301389	526.27943
303.99	746.03	219.139996	609.387191	268.541848	553.191767	0	0	0	0	171.07	558.63	250.545342	520.009917
304.03	745.99	229.222214	603.369741	278.681852	548.163039	0	0	0	0	180.99	553.09	263.574551	513.129383
303.92	745.97	238.444835	598.68293	286.954347	543.755986	0	0	0	0	189.99	547.33	272.102433	507.793096
303.93	746.02	247.671134	594.625427	296.542913	538.581976	0	0	0	0	198.99	542	283.126331	501.691324
303.9	746.53	258.705933	590.538464	304.737635	534.341228	0	0	0	0	207.98	537.22	291.151558	496.810789
304.15	747.12	268.105947	587.93767	313.304845	531.132229	0	0	0	0	216.49	533.31	299.166162	492.076275
307.429148	743.890498	278.732049	585.336875	323.362004	527.74598	0	0	0	0	225.01	529.43	308.694044	487.474503
306.123907	744.760659	290.509742	583.30798	331.929213	525.036981	0	0	0	0	234.01	526.56	319.213959	483.416978
307.82	745.49	303.009673	581.948486	340.496423	521.989357	0	0	0	0	243.05	523.67	328.233875	479.226711
309.54	746.11	315.964146	581.328655	351.671044	520.280358	0	0	0	0	253.08	521.11	337.260429	476.124939
313.49	746.3	330.054977	581.948486	362.845665	518.941733	0	0	0	0	263.66	518.76	349.790966	471.523167
317.000917	745.63082	344.145808	582.981538	375.265261	519.280358	0	0	0	0	274.6	518.09	363.338763	469.3329
319.43	745.48	358.009368	584.960863	386.929832	521.473482	0	0	0	0	286.63	518.34	374.870628	469.554137
320.04648	744.760659	370.282027	587.320357	398.604453	523.005232	0	0	0	0	297.46	518.98	385.397182	471.655909
310.03963	746.936061	379.12234	587.337794	407.54415	523.005232	0	0	0	0	307.88	517.68	394.423736	473.434672
302.208183	746.0659	385.234206	586.854643	414.03107	523.781959	0	0	0	0	316.91	516.15	401.439668	474.978919
294.811816	746.50098	389.220206	585.646764	419.64	523.75	0	0	0	0	323.390997	515.105984	407.4556	475.390424
291.331173	748.676382	391.580339	584.905189	424.21	523.8	0	0	0	0	329.795688	514.169301	413.96755	475.390424
290.896092	749.111463	391.877539	584.680461	427.13	522.23	0	0	0	0	332.837916	513.669301	419.983482	474.890424
292.636414	747.371141	392.143272	583.955734	429.04	521.85	0	0	0	0	334.939089	513.378178	422.996759	474.390424
292.636414	746.50098	390.814606	582.989431	429.44	521.81	0	0	0	0	336.020613	513.213689	424.50207	474.390424
293.071494	717.785673	390.017406	581.539977	429.65	521.45	0	0	0	0	336.801551	513.068128	424.500742	473.934672
330.05333	696.901813	389.751673	580.81525	430.6	521.5	0	0	0	0	336.91	513.33	424.500742	473.023167
372.69121	678.628435	390.814606	580.81525	431.67	522	0	0	0	0	337.53	513.74	426.506053	473.478919
413.58877	665.576023	392.940472	580.81525	432.19	522.14	0	0	0	0	337.54	514.39	426.506053	473.478919
460.577455	652.08853	395.597805	581.056825	432.1	522.13	0	0	0	0	337.52	514.52	426.504725	474.023167
506.928147	632.349145	400.115271	581.539977	432.1	522.57	0	0	0	0	337.53	515.28	426.506053	474.434672
553.646539	620.03577	406.691383	582.132301	432.61	523.48	0	0	0	0	338.01	515.12	426.506053	473.934672
582.257028	606.998079	413.783436	582.471633	433.08	523.6	0	0	0	0	338.52	515.16	427.504725	473.934672
603.262197	600.117076	421.808655	582.132301	433.2	523.96	0	0	0	0	338.53	515.23	427.007381	473.934672
622.094417	598.668443	430.580406	581.283969	433.6	523.97	0	0	0	0	339.04	515.23	427.506053	473.978919
633.321318	608.446712	438.165662	581.48484	433.86	523.88	0	0	0	0	339.04	515.68	427.506053	474.478919
635.856424	616.776348	444.566707	580.955828	434.06	523.92	0	0	0	0	339.04	516.22	427.508708	474.934672
