"ToeTip_X"	"ToeTip_Y"	"KneeElbow_X"	"KneeElbow_Y"	"HipShoulder_X"	"HipShoulder_Y"	"AnkleWrist_X"	"AnkleWrist_Y"	"MetaPhalJoint_X"	"MetaPhalJoint_Y"	"dorsal1_X"	"dorsal1_Y"	"dorsal2_X"	"dorsal2_Y"
490.719992	696.471397	319.260124	661.283103	332.889699	587.297784	0	0	0	0	235.272618	586.323266	319.993202	546.892454
490.39	696.53	318.58	660.78	333.61	586.84	0	0	0	0	236.02	585.96	320.55	546.42
489.43	696.59	318.73	659.91	334.69	585.87	0	0	0	0	239.09	584.46	321.59	545.94
488.44	697.13	318.66	657.81	336.799484	583.609512	0	0	0	0	243.84	582.21	323.59	543.95
487.64	697.73	319.7	655.14	340.504377	580.667992	0	0	0	0	248.76	579.2	327.53	541.49
486.52	698.19	320.47	649.99	346.32	575.12	0	0	0	0	254.27	574.77	334.01	536.89
485.25	698.65	323.04	643.01	352.76	569.49	0	0	0	0	260.27	569.36	340.652995	531.622575
484.2	698.8	326.23	636.79	359.68	562.93	0	0	0	0	267.1	562.92	348.0843	524.662327
483.22	699.31	329.01	630.95	365.98	555.79	0	0	0	0	274.53	556.52	355.444784	517.51003
482.07	699.51	333.81	624.06	374.79	547.87	0	0	0	0	284.38	549.89	364.187233	510.404092
481.15	699.85	339.43	617.24	384.19	540.86	0	0	0	0	292.64	544.01	373.191485	503.251795
479.56	701.17	345.52	611.1	392.49	535.04	0	0	0	0	301.67	539.04	381.884594	497.698826
478.26255	702.958595	352.83	605.54	401.02	529.04	0	0	0	0	311.52	534.12	390.57	492.17
476.623072	705.214992	360.01	600.17	410.04	523.25	0	0	0	0	320.99	529.21	398.47	487.22
475.08	707.04	369.01	594.56	418.75	517.9	0	0	0	0	330.68	524.02	407.25	481.7
474.06	707.96	379.11	589.12	429.03	512.48	0	0	0	0	341.32	518.61	418.08	475.7
473.1	708.56	389.230297	584.325216	440.25	507.18	0	0	0	0	351.95	513.84	428.36	471.03
472.19	709.17	398.74741	579.826997	449.8	502.34	0	0	0	0	362.78	509.17	439.24	466.34
471.14	709.55	408.235794	575.887182	459.01	498.35	0	0	0	0	373.84	504.25	450.58	462.11
470.11	710.25	418.281636	572.182766	468.59	494.98	0	0	0	0	384.93	499.77	461.11	458.75
469.16	710.59	429.091842	568.742952	480.21	492.73	0	0	0	0	395.98	497.07	474.7	454.47
468.38	711.05	441.7	567.1	490.93	490.97	0	0	0	0	406.89	494.78	486.28	452.41
467.37	711.6	453.27	566.59	501.57	489.71	0	0	0	0	418.03	493.29	495.587951	451.294325
466.239338	711.652401	466.802578	566.86496	512.79	489.31	0	0	0	0	429.06	492.74	506.52401	450.842663
464.393404	711.924271	479.029335	568.277467	524.45	489.68	0	0	0	0	440.7	493.27	518.106295	450.842663
463.22	712.19	493.042023	570.2025	536.78	490.91	0	0	0	0	453.02	493.97	530.76	452.37
462.42	712.87	505.90616	572.315046	549.53	492.83	0	0	0	0	465.2	494.8	544.04	453.61
461.75	713.35	515.328507	572.002274	561.27	495.15	0	0	0	0	476.27	494.25	556.13	453.61
461.265337	713.674941	523.390437	571.502274	568.77	496.4	0	0	0	0	484.18	492.27	564.64	452.92
460.948225	714.005693	527.507168	570.815537	573.84	494.5	0	0	0	0	488.99	490.46	570.52	451.93
460.56769	714.005693	528.60545	570.711932	576.66	494.16	0	0	0	0	491.49	489.3	573.78	451.29
460.21534	713.835044	528.986199	570.354479	577.77	494.1	0	0	0	0	491.05	490.05	574.05	451.05
459.573188	714.281558	529.366948	569.830119	577.3	493.9	0	0	0	0	490.92	490.03	573.39	451.01
459.073188	714.228073	529.77176	568.567939	577.43	493.82	0	0	0	0	489.97	490.98	572.96	450.45
458.288883	714.058301	530.237103	567.675715	577.16	493.98	0	0	0	0	489.98	491.04	573.08	449.99
455.934325	714.058301	530.807959	566.532084	577.55	494.03	0	0	0	0	490.05	491.04	573.05	450.01
452.081412	713.165272	531.307158	565.67409	577.48	493.49	0	0	0	0	490.02	491.56	572.96	450.02
445.886595	712.239882	531.521329	565.102274	577.4	492.89	0	0	0	0	489.96	491.51	572.95	449.98
429.46506	691.577729	531.878014	564.458643	577.46	492.69	0	0	0	0	489.98	491.47	572.98	449.45
441.455387	675.809244	532.75	564.39	577.57	492.85	0	0	0	0	489.99	490.96	573.02	449.46
458.137581	661.671981	533.66	564.91	577.62	493.07	0	0	0	0	490.02	491.04	573.02	449.51
482.639554	642.912921	534.52	565.08	578.1	493.62	0	0	0	0	490.04	491.58	573	450.03
508.184164	631.766233	535.873652	565.795003	578.63	494.17	0	0	0	0	490.05	492.1	573.02	450.04
535.051361	623.159562	538.385668	566.733402	578.65	493.58	0	0	0	0	490.04	492.62	573.5	450.02
562.68084	618.440773	540.765348	566.923947	578.6	493.45	0	0	0	0	490.04	493.07	574.01	450
589.313487	613.409831	543.882462	567.067217	579.07	493.54	0	0	0	0	490.01	493.1	575.02	450.03
615.437759	610.715939	547.12997	567.208512	579.57	494.02	0	0	0	0	490.02	493.07	575.54	450.03
638.062103	615.669147	550.493584	567.30753	579.71	493.54	0	0	0	0	490.03	493.58	576.52	450.01
660.603101	619.863038	553.252916	567.505567	579.56	493.96	0	0	0	0	490.03	494.56	577.02	450.02
674.311073	625.143368	555.726161	567.901641	580.07	494.05	0	0	0	0	490.02	495.06	577.06	450.03
685.685736	631.813864	557.512248	568.297715	580.56	494.04	0	0	0	0	490.04	495.13	577.04	450.04
687.019046	633.400302	558.512248	569.089862	581.06	494.05	0	0	0	0	490.01	495.06	577.02	450.02
