"ToeTip_X"	"ToeTip_Y"	"KneeElbow_X"	"KneeElbow_Y"	"HipShoulder_X"	"HipShoulder_Y"	"AnkleWrist_X"	"AnkleWrist_Y"	"MetaPhalJoint_X"	"MetaPhalJoint_Y"	"dorsal1_X"	"dorsal1_Y"	"dorsal2_X"	"dorsal2_Y"
356.052548	721.929853	188.132086	684.290517	209.930677	627.852922	0	0	0	0	114.996626	623.791418	194.284627	588.774074
355.36	722.59	186.42	683.63	210.59	627.44	0	0	0	0	115	623.05	194.875751	588.231488
354.89	723.98	184.55	682.84	211.2	626.15	0	0	0	0	116.02	622.28	195.51	587.38
354.16	724.32	183.85	681.71	211.63	625.2	0	0	0	0	117.53	620.53	196.5	586.2
353.91	725.58	183.74	681.22	213.12	623.04	0	0	0	0	119.02	619.22	197.51	584.79
356.147205	726.997276	183.34	680.21	214.35	621.68	0	0	0	0	121.49	617.53	199.323186	582.875022
353.760519	727.28651	181.99	678.33	215.76	619.66	0	0	0	0	123.53	615.55	201.505433	580.804046
350.478826	728.44345	182.16	675.68	217.94	616.56	0	0	0	0	127.04	612.61	203.361744	578.990166
346.600462	729.889625	182.52	672.89	220.792458	613.712355	0	0	0	0	130.05	610.15	206.513617	576.176287
344.213777	730.178859	184.46969	669.910105	224.778271	610.079397	0	0	0	0	134.07	606.6	210.66549	572.848213
341.23042	731.335799	187.861682	665.802709	228.435599	606.465834	0	0	0	0	140.06	602.69	214.234423	569.220454
337.352055	732.203504	191.753674	661.2514	234.092928	601.524021	0	0	0	0	146.95	597.72	219.621109	564.606891
334.71617	732.946253	196.603548	655.812263	239.464517	596.605749	0	0	0	0	153.39	592.22	223.81154	560.450742
331.239513	733.427768	199.579777	650.4853	245.564734	591.120999	0	0	0	0	159.93	586.87	230.258975	554.851375
328.756186	734.15004	205.532236	645.436379	253.064913	585.141639	0	0	0	0	166.02	581.17	236.684219	549.423932
326.272859	735.594583	211.942576	639.277674	261.590733	578.342294	0	0	0	0	173.58	575.57	245.4354	541.99649
324.286198	737.039126	219.081857	632.062883	268.616553	573.467051	0	0	0	0	181.05	570.57	251.750177	536.684829
323.541199	737.761398	226.6369	626.126135	278.02189	567.140669	0	0	0	0	188.56	565.61	260.396666	530.004671
323.292867	737.520641	233.234063	621.077215	285.990912	561.482692	0	0	0	0	196.56	560.65	269.287016	524.194958
323.292867	738.002155	241.102284	615.028294	292.75567	556.858096	0	0	0	0	204.53	555.52	275.907653	519.687621
323.789532	737.520641	248.470506	610.147632	300.360386	551.870245	0	0	0	0	212.03	550.38	283.0186	514.750512
323.541199	737.520641	255.899194	605.930453	308.220112	547.119911	0	0	0	0	219.96	544.97	290.973642	509.815362
323.792867	737.742913	263.267415	602.491316	315.039759	543.107093	0	0	0	0	226.97	540.38	297.95	505.55
323.792867	737.261398	270.78034	598.940007	320.164515	540.069309	0	0	0	0	234.01	535.96	304.702991	501.929255
323.302871	737.724427	278.166958	596.067959	328.572304	535.94954	0	0	0	0	240.96	531.93	314.318501	496.768759
323.051203	738.465184	285.450919	592.783418	334.635914	532.499852	0	0	0	0	245.38	527.95	322.343312	491.607666
323.299536	738.465184	292.057303	589.170424	340.425855	528.391883	0	0	0	0	250.56	524.34	328.039827	487.113637
322.802871	738.705941	298.494292	586.378564	345.763134	524.722769	0	0	0	0	256.55	520.49	333.377816	483.284882
323.296201	738.224427	305.947647	585.064748	351.658104	522.028498	0	0	0	0	262.59	517.05	339.559215	479.95553
323.789532	737.48367	313.570397	583.586705	358.306034	519.431363	0	0	0	0	268.47	514.34	346.084026	476.292645
325.286198	736.816855	321.362542	581.123299	363.237987	517.578811	0	0	0	0	273.49	512.38	351.235192	473.796228
328.021192	735.83534	328.13832	580.630618	369.311952	515.542821	0	0	0	0	279.47	510.33	356.714652	471.299213
329.007853	735.353826	336.777436	580.137937	376.328224	513.567977	0	0	0	0	285.51	508.12	362.865818	469.301005
329.997849	734.631554	345.924736	580.466391	384.249823	511.434852	0	0	0	0	292.48	506.19	370.02	467.17
330.99118	734.372311	355.241431	581.123299	392.850415	510.776571	0	0	0	0	299.97	504.91	378.03	465.05
332.484511	733.668525	365.623481	582.158914	400.772013	510.557144	0	0	0	0	308.51	503.88	386.091416	464.474041
333.722839	734.390797	374.100247	584.08432	409.146274	510.995998	0	0	0	0	316.98	504.58	395.033631	466.026773
333.784602	734.815177	382.724174	585.296371	416.831186	512.776571	0	0	0	0	324.51	505.12	401.43	467.7
333.704038	734.815177	388.757738	585.224384	423.357814	514.445686	0	0	0	0	332.56	505.29	407.5	469.2
332.720652	734.50275	394.025381	585.1537	429.968761	514.38454	0	0	0	0	340.95	503.98	413.51	469.06
332.317831	734.424644	397.351544	585.440346	434.72172	513.629123	0	0	0	0	348.97	502.41	418.51	468.57
332.398395	734.346537	399.411786	584.441649	438.937696	512.909696	0	0	0	0	351.43	502.44	424.02	467.96
331.173317	734.612217	399.117465	582.729598	440.737992	512.751415	0	0	0	0	353.95	501.93	424.46	467.95
330.576138	734.690324	398.028825	581.302888	440.774975	512.312561	0	0	0	0	353.93	501.87	424.99	468.11
329.206546	734.877897	396.28101	580.218249	440.237992	512.312561	0	0	0	0	354.93	501.93	425.43	468.3
326.014201	737.665781	395.388727	580.372224	439.569353	512.251415	0	0	0	0	355.4	502.01	425.44	468.51
327.76619	738.039126	394.853357	579.353185	439.795684	512.751415	0	0	0	0	354.9	502.38	425.94	468.98
328.627616	705.60456	395.21027	578.988121	440.474678	513.031988	0	0	0	0	355.02	502.29	426.53	468.83
358.269979	679.326389	395.71027	578.277031	440.506902	512.805186	0	0	0	0	354.53	502.8	427.03	468.72
394.608202	661.145892	395.959467	577.565941	441.02	512.48	0	0	0	0	354.05	503.94	427.53	468.78
430.293514	642.99329	398.214652	577.39044	442.09	512.53	0	0	0	0	354.53	504.71	428.47	469.24
457.384119	628.250547	399.965746	577.202215	442.19	512.47	0	0	0	0	354.55	505.61	428.96	469.18
487.208625	614.460458	402.716839	577.046328	442.57	512.56	0	0	0	0	355.05	505.84	429.94	469.95
521.392097	607.565414	406.397441	577.202215	443.02	513.05	0	0	0	0	355.53	505.7	430.41	469.78
560.163955	602.894577	412.06042	577.01399	445.07	513.55	0	0	0	0	356.02	506.21	432.4	470.37
591.594395	593.552904	420.443405	577.046903	448.527934	513.84855	0	0	0	0	356.9	505.88	434.98	470.34
611.095034	588.659647	431.232162	576.815197	449.65959	514.067977	0	0	0	0	356.9	505.89	435.48	470.33
623.942513	586.213019	441.295892	576.460406	450.564916	514.34855	0	0	0	0	356.54	506.28	435.95	470.42
635.517445	588.377149	448.944737	575.71864	451.470241	514.506831	0	0	0	0	356.05	506.83	436.823527	470.584073
643.672571	599.335845	456.620964	575.273206	451.922904	514.506831	0	0	0	0	356.57	507.42	436.83171	470.584073
645.325138	612.367844	463.05611	574.793698	452.554561	514.945686	0	0	0	0	357.07	507.3	437.770131	470.591392
