"ToeTip_X"	"ToeTip_Y"	"KneeElbow_X"	"KneeElbow_Y"	"HipShoulder_X"	"HipShoulder_Y"	"AnkleWrist_X"	"AnkleWrist_Y"	"MetaPhalJoint_X"	"MetaPhalJoint_Y"	"dorsal1_X"	"dorsal1_Y"	"dorsal2_X"	"dorsal2_Y"
374.215143	351.46662	236.504953	399.228048	237.420831	457.744293	0	0	0	0	143.545813	510.018092	238	497.52
373.330489	348.458624	235.361969	399.949227	237.940989	458.545882	0	0	0	0	143.063064	510.119297	238.5	498.01
369.690381	349.215237	234.725212	401.177462	238.807918	458.7062	0	0	0	0	142.988333	510.116326	239.01	498.02
369.29863	348.490788	234.255562	402.328841	240.02162	458.7062	0	0	0	0	143.999379	510.953857	240.54	497.99
369.29863	348.128563	234.490387	403.131599	242.275637	458.564929	0	0	0	0	146.530056	509.986498	242.02	497.99
368.906879	347.766339	234.755562	404.434357	244.356268	458.545882	0	0	0	0	148.048374	508.504682	244.03	498
368.123378	347.766339	235.194862	405.519988	247.354105	458.381514	0	0	0	0	150.982271	507.470403	246.53	497.99
366.948125	347.179665	236.368988	407.539873	250.598161	458.442704	0	0	0	0	154.981938	506.460074	249.5	498
366.164623	348.128563	237.543113	409.428262	255.565879	458.480798	0	0	0	0	158.044993	504.982037	255.52	497.5
363.422366	346.679665	239.186889	411.599525	260.289272	457.728396	0	0	0	0	162.997999	502.600358	260.03	496.5
362.247113	347.04189	240.830665	414.422167	266.350294	457.414748	0	0	0	0	164.911766	501.956497	266	496.01
360.288359	347.404114	242.474441	416.376304	272.842395	457.414748	0	0	0	0	170.907868	501.069592	272.01	495.5
356.7626	347.404114	244.822692	418.330441	278.835625	457.72261	0	0	0	0	177.02	502.01	278.5	495.5
357.22458	345.216888	247.170943	419.850325	287.160118	458.800128	0	0	0	0	183.52	503.03	285.51	496.51
356.252443	345.716888	251.632621	421.955841	296.817005	459.531576	0	0	0	0	188.52	505.02	293.99	497.99
356.252443	346.033597	255.859473	423.975726	305.139806	460.49337	0	0	0	0	195.264483	506.538565	301.52	499.99
356.252443	347.167015	261.964926	426.364115	313.251632	461.409173	0	0	0	0	203.52	508.01	309.01	502.47
356.42	346.98	269.47933	429.186757	320.056777	462.532788	0	0	0	0	210.01	508.99	316.02	504.99
356.05	347.05	277.933034	432.660778	325.646718	464.330571	0	0	0	0	215.51	511	321.01	507.48
355.96	347.06	286.674781	435.167706	332.937945	466.577799	0	0	0	0	223.01	512.5	328	510.49
355.98	347	296.616206	437.117554	340.401687	468.977872	0	0	0	0	230.01	515	335.99	513.5
355.97	346.47	304.900728	437.478279	348.655863	470.843486	0	0	0	0	239.01	516.5	344.5	516.01
356.37	346.22	315.294037	437.396103	357.643744	473.387505	0	0	0	0	245.01	517.51	354.51	518.5
356.5	345.93	323.821511	437.987245	367.548756	474.744316	0	0	0	0	251.5	519	364.52	520.52
356.42	345.98	330.977304	438.538616	375.802932	476.440329	0	0	0	0	257.51	519.5	373.51	521.98
355.94	346.02	337.512949	440.077441	383.690256	477.118734	0	0	0	0	265.52	520	382.51	522.51
355.97	345.99	346.11669	440.934163	392.698741	477.256262	0	0	0	0	273	520.5	391.52	523
356	345.97	353.529143	441.67894	401.401656	477.256262	0	0	0	0	279.53	520.49	401.02	523.01
356.02	345.98	360.5445	441.790885	408.730426	477.191562	0	0	0	0	286.01	519.99	408.33	522.03
356.02	345.98	365.971475	441.902829	413.768956	476.703337	0	0	0	0	291.99	520.01	414.02	521.11
356.04	345.96	371.266085	441.423718	418.349437	476.203337	0	0	0	0	296.53	518.01	416.53	521
356.03	345.94	374.17812	440.811774	421.744025	475.591226	0	0	0	0	301.5	516.49	420.02	520.53
356.01	345.99	376.008871	440.328247	423.289599	475.633923	0	0	0	0	304.01	514.48	423.53	520.01
354.99	346.01	376.937466	439.898943	423.561035	475.382945	0	0	0	0	306.04	512.97	424.06	519.99
354.82	346.04	377.249987	439.684292	422.475291	476.888812	0	0	0	0	306.02	513	424.04	520.03
354.82	346.05	377.169615	439.613595	421.118112	477.641745	0	0	0	0	305	514.54	424	520.51
354.94	346.1	376.589243	440.150224	419.489496	477.76919	0	0	0	0	304.96	516.03	423.98	520.53
354.91	346.14	375.892797	440.686853	419.082342	477.894679	0	0	0	0	304.98	517.06	424	520.52
353.98	346.08	374.964202	441.152785	418.268034	478.26919	0	0	0	0	305.01	517.52	423.51	520.99
351.14	346.06	373.990938	442.011392	417.182291	478.26919	0	0	0	0	305	518	422.51	521
346.06	348.16	372.249823	443.369999	416.775137	478.143701	0	0	0	0	305	516.98	422	521
341.102915	349.701231	370.508708	444.943257	415.607954	477.972972	0	0	0	0	305.01	516.47	421	520.99
320.371727	345.867496	368.767592	446.838492	415.335813	477.678907	0	0	0	0	305	515.46	419.99	520.99
318.864004	342.208021	367.071146	448.592334	415.012554	477.730589	0	0	0	0	305	515.49	418.99	521.02
327.344945	335.063333	369.396781	448.940015	414.441541	477.589119	0	0	0	0	304.99	515.51	417.98	521.01
345.626083	325.827516	372.53734	447.85107	414.217526	478.230589	0	0	0	0	305	516.54	416.99	521.01
370.815044	315.720396	375.766753	445.539761	414.034505	477.806179	0	0	0	0	305	517.02	415.99	521.02
401.470453	311.174615	379.014742	442.998888	413.381503	477.664708	0	0	0	0	305	517.02	415.51	521
433.398155	312.985738	382.529295	441.135906	413.269496	478.089119	0	0	0	0	305	517.51	416	521
468.250237	320.53483	388.417842	438.095034	413.004486	477.881768	0	0	0	0	305	518	416.01	521
502.473176	337.107814	395.982175	433.908492	412.364379	477.922073	0	0	0	0	305.5	517.5	416	521
526.044894	351.792466	402.656175	430.287809	412.364379	477.922073	0	0	0	0	306	517.98	416	521
540.772321	364.520267	409.351903	427.174693	412.78239	477.497662	0	0	0	0	306.01	517.47	416.01	521
549.454165	374.165842	414.293386	424.386664	412.429904	477.497662	0	0	0	0	306.02	516.51	416	520.99
556.613201	383.392965	418.439765	422.139225	412.429904	477.497662	0	0	0	0	306	516.48	415.5	521
